======================================================================
🎯 PALPITES ML PARA CONCURSO 3588
   Gerado com 10 algoritmos de Machine Learning
======================================================================

📅 Gerado em: 16/01/2026 12:45
🔢 Total de palpites: 20
💰 Custo total: R$ 70.00

----------------------------------------------------------------------
🎓 ALGORITMOS UTILIZADOS:
----------------------------------------------------------------------
   1. Thompson Sampling - seleção de estratégia
   2. UCB1 - balanceamento exploração/explotação
   3. Feature Importance - números prioritários
   4. Genetic Algorithm - evolução de combinações
   5. Simulated Annealing - otimização global
   6. Bayesian Optimization - hiperparâmetros
   7. Ensemble Learning - votação ponderada

🔢 Top 10 números (Feature Importance): [1, 2, 3, 4, 5, 6, 7, 8, 9, 10]

----------------------------------------------------------------------
🎲 PALPITES:
----------------------------------------------------------------------

     1. 01 02 03 04 05 06 07 10 14 15 17 21 23 24 25
     2. 01 03 04 05 06 07 08 09 11 14 15 18 19 21 23
     3. 01 02 03 05 06 07 09 10 14 15 17 19 21 23 25
     4. 01 02 03 04 05 07 10 11 13 14 15 17 21 23 25
     5. 01 02 04 05 06 07 08 11 12 16 20 21 23 24 25
     6. 01 03 04 05 06 07 08 10 12 15 20 21 23 24 25
     7. 01 02 04 06 07 08 09 11 12 14 15 16 19 22 25
     8. 01 03 04 05 06 07 12 14 15 18 19 20 21 23 25
     9. 02 03 04 05 07 08 09 11 13 14 17 18 22 23 25
    10. 01 03 04 05 06 08 11 12 13 15 17 19 20 22 25
    11. 01 03 05 06 07 08 09 10 14 15 17 19 21 23 24
    12. 01 02 05 06 07 08 10 11 12 14 15 18 19 21 23
    13. 01 02 05 06 07 08 11 12 15 17 20 21 22 23 24
    14. 01 03 05 06 07 08 11 14 15 16 17 18 19 21 23
    15. 02 03 04 06 08 09 10 11 14 16 18 19 21 24 25
    16. 01 03 05 06 07 09 12 14 15 16 19 21 23 24 25
    17. 01 03 05 06 07 10 12 14 15 16 18 19 21 22 23
    18. 02 03 05 06 07 10 11 13 14 15 19 20 21 23 25
    19. 01 02 03 06 10 12 13 14 16 18 21 22 23 24 25
    20. 01 03 05 06 08 10 12 14 15 19 21 22 23 24 25

======================================================================
   BOA SORTE! 🍀
======================================================================
