======================================================================
🎯 PALPITES ML PARA CONCURSO 3590
   Gerado com 10 algoritmos de Machine Learning
======================================================================

📅 Gerado em: 18/01/2026 11:34
🔢 Total de palpites: 20
💰 Custo total: R$ 70.00

----------------------------------------------------------------------
🎓 ALGORITMOS UTILIZADOS:
----------------------------------------------------------------------
   1. Thompson Sampling - seleção de estratégia
   2. UCB1 - balanceamento exploração/explotação
   3. Feature Importance - números prioritários
   4. Genetic Algorithm - evolução de combinações
   5. Simulated Annealing - otimização global
   6. Bayesian Optimization - hiperparâmetros
   7. Ensemble Learning - votação ponderada

🔢 Top 10 números (Feature Importance): [1, 2, 3, 4, 5, 6, 7, 8, 9, 10]

----------------------------------------------------------------------
🎲 PALPITES:
----------------------------------------------------------------------

     1. 01 02 04 05 06 07 08 09 10 13 14 16 17 20 23
     2. 01 02 04 05 06 07 09 10 13 14 16 17 20 23 25
     3. 01 02 03 04 05 07 09 11 13 17 18 20 21 23 25
     4. 01 02 05 06 07 08 09 10 13 14 16 17 20 23 25
     5. 03 04 05 06 07 08 09 10 13 14 16 17 20 23 25
     6. 01 02 05 06 07 08 09 12 13 14 16 18 20 23 24
     7. 01 02 03 04 06 07 08 11 13 16 18 19 21 22 25
     8. 01 03 05 06 07 08 09 11 12 13 14 16 18 20 23
     9. 02 03 05 06 08 10 11 13 17 19 20 22 23 24 25
    10. 01 02 05 06 07 08 09 13 14 16 17 18 20 22 25
    11. 01 02 03 05 08 11 13 16 17 20 21 22 23 24 25
    12. 01 02 03 07 08 09 11 13 16 19 20 21 23 24 25
    13. 01 04 05 06 07 09 11 13 15 17 18 20 22 23 24
    14. 01 04 05 06 07 09 11 13 14 15 16 17 18 20 25
    15. 02 04 05 06 07 09 12 13 15 16 20 21 23 24 25
    16. 02 03 05 06 07 08 09 11 13 14 17 18 19 23 24
    17. 02 03 05 06 07 09 11 13 14 15 16 17 18 20 24
    18. 01 03 04 05 08 09 10 11 12 13 14 20 21 22 25
    19. 01 02 05 06 07 11 13 14 16 17 18 19 20 22 25
    20. 01 05 06 07 08 09 10 12 13 14 16 17 20 22 25

======================================================================
   BOA SORTE! 🍀
======================================================================
