======================================================================
🎯 PALPITES ML PARA CONCURSO 3588
   Gerado com 10 algoritmos de Machine Learning
======================================================================

📅 Gerado em: 16/01/2026 16:33
🔢 Total de palpites: 50
💰 Custo total: R$ 175.00

----------------------------------------------------------------------
🎓 ALGORITMOS UTILIZADOS:
----------------------------------------------------------------------
   1. Thompson Sampling - seleção de estratégia
   2. UCB1 - balanceamento exploração/explotação
   3. Feature Importance - números prioritários
   4. Genetic Algorithm - evolução de combinações
   5. Simulated Annealing - otimização global
   6. Bayesian Optimization - hiperparâmetros
   7. Ensemble Learning - votação ponderada

🔢 Top 10 números (Feature Importance): [1, 2, 3, 4, 5, 6, 7, 8, 9, 10]

----------------------------------------------------------------------
🎲 PALPITES:
----------------------------------------------------------------------

     1. 01 02 03 04 05 06 07 10 12 16 18 20 22 23 25
     2. 01 02 03 04 05 07 09 10 11 12 14 15 19 23 25
     3. 02 03 04 05 06 07 08 09 11 12 13 15 18 20 23
     4. 01 02 03 04 05 08 09 10 11 12 13 17 21 23 24
     5. 01 02 03 04 05 07 08 12 13 16 17 19 20 23 24
     6. 01 02 04 05 06 07 09 11 13 14 17 20 22 23 25
     7. 01 02 03 05 06 07 13 15 16 17 19 20 21 23 25
     8. 02 03 05 06 07 09 10 11 13 16 18 20 21 23 25
     9. 02 03 04 05 06 07 09 10 11 12 13 15 17 18 25
    10. 01 02 03 05 06 07 10 11 14 15 18 19 21 23 24
    11. 02 03 04 05 06 07 08 09 13 14 16 17 22 24 25
    12. 01 02 03 04 05 06 08 11 12 13 16 17 19 21 24
    13. 01 03 04 05 06 07 09 13 14 15 19 21 22 23 25
    14. 01 03 04 05 06 07 08 10 14 15 19 21 22 23 25
    15. 01 02 04 05 06 07 08 09 11 12 17 19 22 23 25
    16. 01 03 05 06 07 08 09 11 13 14 15 19 21 23 24
    17. 02 03 05 06 07 09 11 14 15 17 20 21 23 24 25
    18. 01 02 04 05 06 07 10 11 15 17 18 21 22 24 25
    19. 01 02 04 05 06 08 09 11 12 13 17 18 20 21 23
    20. 01 03 04 06 08 09 11 12 13 15 20 22 23 24 25
    21. 02 03 05 06 07 09 10 11 12 14 15 19 21 23 25
    22. 01 03 05 06 07 08 10 11 13 14 15 17 19 21 23
    23. 01 03 04 05 06 07 08 12 14 15 17 19 21 23 25
    24. 01 02 04 05 06 07 08 11 12 14 15 18 21 24 25
    25. 01 02 03 05 07 09 10 12 14 18 19 20 21 23 24
    26. 01 03 05 07 08 09 10 11 14 16 18 19 23 24 25
    27. 01 03 04 06 07 08 09 11 12 14 15 19 20 21 23
    28. 01 02 03 05 09 10 11 12 13 15 16 17 18 21 23
    29. 01 02 05 06 07 09 11 12 13 14 15 18 19 20 23
    30. 01 03 05 06 07 11 13 14 15 17 19 20 21 23 24
    31. 01 03 05 06 07 09 10 13 14 15 17 18 21 22 23
    32. 01 02 04 05 07 09 11 12 14 15 18 19 20 23 24
    33. 02 03 05 06 07 10 13 14 15 17 19 21 23 24 25
    34. 02 03 05 06 07 08 10 11 12 13 17 18 19 24 25
    35. 01 02 03 07 09 10 11 12 14 15 16 17 19 23 25
    36. 01 03 04 06 07 09 11 12 13 15 19 20 21 22 24
    37. 01 03 04 05 07 08 10 14 15 16 19 20 21 22 24
    38. 02 03 04 05 06 08 11 12 14 15 16 19 21 23 24
    39. 01 05 06 07 08 09 10 12 13 14 15 18 20 23 25
    40. 03 05 06 07 08 10 11 13 14 15 17 20 21 23 25
    41. 02 03 05 06 07 08 10 14 15 18 19 21 22 23 25
    42. 01 03 05 06 07 08 10 12 14 15 16 18 21 22 23
    43. 01 03 06 07 08 09 10 12 13 15 18 19 21 23 25
    44. 02 03 04 07 08 10 11 13 14 15 18 21 23 24 25
    45. 02 03 04 05 07 08 10 11 12 13 14 15 17 19 22
    46. 01 02 03 06 08 09 10 12 16 17 18 21 22 23 24
    47. 01 02 04 05 06 12 13 15 16 17 18 19 20 22 23
    48. 01 04 05 07 08 09 10 11 12 15 16 18 22 23 24
    49. 02 03 05 06 07 11 12 13 16 17 19 21 22 23 25
    50. 02 03 04 06 07 08 10 12 14 15 17 19 21 23 25

======================================================================
   BOA SORTE! 🍀
======================================================================
