======================================================================
🎯 PALPITES ML PARA CONCURSO 3588
   Gerado com 10 algoritmos de Machine Learning
======================================================================

📅 Gerado em: 16/01/2026 17:06
🔢 Total de palpites: 30
💰 Custo total: R$ 105.00

----------------------------------------------------------------------
🎓 ALGORITMOS UTILIZADOS:
----------------------------------------------------------------------
   1. Thompson Sampling - seleção de estratégia
   2. UCB1 - balanceamento exploração/explotação
   3. Feature Importance - números prioritários
   4. Genetic Algorithm - evolução de combinações
   5. Simulated Annealing - otimização global
   6. Bayesian Optimization - hiperparâmetros
   7. Ensemble Learning - votação ponderada

🔢 Top 10 números (Feature Importance): [2, 10, 13, 8, 4, 1, 17, 25, 12, 20]

----------------------------------------------------------------------
🎲 PALPITES:
----------------------------------------------------------------------

     1. 01 02 03 04 05 06 07 08 09 10 11 13 15 19 20
     2. 01 02 04 07 08 09 10 11 13 15 18 19 21 23 25
     3. 01 02 04 06 10 11 13 14 17 18 19 20 21 23 25
     4. 01 02 04 06 07 09 10 11 13 15 17 20 21 22 24
     5. 01 02 03 05 07 08 10 12 13 14 15 18 19 20 25
     6. 03 04 06 07 08 09 10 11 12 13 15 19 20 23 25
     7. 02 03 06 08 09 10 13 15 17 18 19 21 23 24 25
     8. 03 04 05 07 08 10 13 14 15 17 20 22 23 24 25
     9. 02 03 04 06 08 11 13 14 16 17 20 21 23 24 25
    10. 01 03 04 05 07 08 10 11 12 13 15 16 20 21 24
    11. 01 03 04 06 07 10 11 13 14 17 19 22 23 24 25
    12. 03 04 06 07 08 09 10 11 12 13 14 18 20 21 25
    13. 02 05 06 07 10 11 12 13 14 15 16 17 20 21 24
    14. 01 02 04 05 06 07 08 10 12 14 18 21 22 23 25
    15. 02 04 05 06 07 09 10 13 14 15 16 18 20 22 24
    16. 01 02 05 07 09 10 11 12 15 17 18 19 23 24 25
    17. 02 04 05 07 08 11 12 13 15 17 18 19 21 22 25
    18. 01 02 04 05 09 10 11 14 15 17 19 20 21 22 23
    19. 02 03 05 06 07 10 12 14 15 17 20 21 23 24 25
    20. 02 03 05 06 07 09 10 11 13 14 15 18 21 23 24
    21. 01 02 03 05 06 07 08 15 16 17 19 20 21 23 25
    22. 01 03 04 06 07 08 10 12 15 17 18 20 21 22 23
    23. 03 05 06 09 10 11 12 13 14 15 17 18 19 23 25
    24. 01 03 04 05 06 07 11 12 13 17 18 20 21 24 25
    25. 02 03 05 06 07 08 09 11 13 14 15 17 19 21 23
    26. 01 02 03 05 06 07 09 10 12 16 18 19 20 22 25
    27. 01 02 04 05 06 08 09 12 14 16 18 19 20 24 25
    28. 01 02 03 06 08 09 12 14 17 20 21 22 23 24 25
    29. 02 03 05 07 09 11 12 13 14 17 18 19 23 24 25
    30. 03 04 05 06 07 09 10 11 13 15 16 18 19 22 23

======================================================================
   BOA SORTE! 🍀
======================================================================
