======================================================================
🎯 PALPITES ML PARA CONCURSO 3588
   Gerado com 10 algoritmos de Machine Learning
======================================================================

📅 Gerado em: 16/01/2026 12:56
🔢 Total de palpites: 15
💰 Custo total: R$ 52.50

----------------------------------------------------------------------
🎓 ALGORITMOS UTILIZADOS:
----------------------------------------------------------------------
   1. Thompson Sampling - seleção de estratégia
   2. UCB1 - balanceamento exploração/explotação
   3. Feature Importance - números prioritários
   4. Genetic Algorithm - evolução de combinações
   5. Simulated Annealing - otimização global
   6. Bayesian Optimization - hiperparâmetros
   7. Ensemble Learning - votação ponderada

🔢 Top 10 números (Feature Importance): [1, 2, 3, 4, 5, 6, 7, 8, 9, 10]

----------------------------------------------------------------------
🎲 PALPITES:
----------------------------------------------------------------------

     1. 01 02 03 05 06 07 10 11 12 14 18 20 21 23 25
     2. 01 02 03 04 06 07 09 11 12 13 14 15 16 18 23
     3. 01 02 03 05 06 09 11 12 13 15 16 18 20 24 25
     4. 02 03 04 05 06 07 09 10 12 15 16 18 21 23 24
     5. 01 03 04 05 06 07 08 12 13 14 15 18 21 23 25
     6. 01 02 04 05 06 09 10 11 13 17 18 19 22 23 25
     7. 01 02 03 04 06 07 13 14 15 16 19 21 22 24 25
     8. 02 03 05 06 07 09 11 13 14 15 16 17 20 21 23
     9. 01 02 03 06 07 09 11 12 13 15 17 21 22 23 24
    10. 01 03 05 06 07 08 09 10 12 14 15 19 21 23 24
    11. 01 02 04 05 06 08 10 11 12 15 17 19 22 23 25
    12. 01 02 03 05 08 09 11 13 17 18 19 20 21 24 25
    13. 02 03 04 05 06 08 09 11 14 16 18 19 22 24 25
    14. 02 03 05 06 07 09 10 12 14 15 17 19 21 23 25
    15. 01 03 04 05 06 11 13 15 17 18 19 21 22 23 25

======================================================================
   BOA SORTE! 🍀
======================================================================
