# Combinações base - dinamico
# Gerado em: 23/08/2025 15:26:03
# Total: 50 combinações

Combinação 1: 1,2,3,4,5,6,9,10,16,17,18,20,21,24,25
Combinação 2: 1,3,4,5,6,9,10,13,15,16,18,19,21,22,25
Combinação 3: 1,4,6,7,8,10,13,14,15,16,18,19,21,22,25
Combinação 4: 1,3,4,5,6,9,10,11,12,13,14,17,18,21,25
Combinação 5: 1,3,4,5,6,10,11,12,13,15,17,18,20,21,25
Combinação 6: 1,2,3,4,5,6,8,12,13,17,18,20,21,24,25
Combinação 7: 1,3,4,5,6,7,8,10,12,14,18,19,23,24,25
Combinação 8: 1,3,5,6,8,9,10,12,13,16,18,20,21,22,25
Combinação 9: 1,3,4,6,8,10,11,13,16,17,18,19,21,22,25
Combinação 10: 1,3,4,5,6,8,9,10,14,15,18,19,20,21,25
Combinação 11: 1,3,5,6,7,10,12,13,16,17,18,19,20,22,25
Combinação 12: 1,3,4,5,6,12,13,14,15,16,17,18,19,23,24
Combinação 13: 1,2,3,5,6,7,10,11,14,15,18,19,21,22,25
Combinação 14: 1,3,4,5,6,9,10,14,17,18,19,21,22,24,25
Combinação 15: 1,3,5,6,9,10,11,13,14,15,18,19,21,24,25
Combinação 16: 1,3,5,6,7,10,11,12,13,15,18,19,21,22,25
Combinação 17: 1,2,3,4,5,6,9,10,14,16,18,20,22,24,25
Combinação 18: 1,3,4,5,6,7,8,9,10,15,18,19,20,21,25
Combinação 19: 1,2,3,4,5,6,8,10,11,12,13,18,21,24,25
Combinação 20: 1,3,4,5,6,10,13,15,18,19,20,21,22,23,25
Combinação 21: 2,3,4,5,6,7,12,13,14,15,16,18,21,22,25
Combinação 22: 1,2,3,5,6,7,10,12,13,14,15,18,21,24,25
Combinação 23: 1,3,4,5,6,10,13,16,17,18,19,20,21,23,25
Combinação 24: 1,3,4,5,6,12,14,15,16,18,19,20,21,22,25
Combinação 25: 1,3,4,5,6,10,11,13,14,15,18,21,22,24,25
Combinação 26: 1,3,5,6,7,8,10,13,14,15,18,19,22,24,25
Combinação 27: 1,2,4,5,6,9,11,13,14,15,18,19,21,23,25
Combinação 28: 1,3,4,5,6,8,10,12,13,15,18,19,20,21,25
Combinação 29: 1,2,3,5,6,8,9,10,12,13,14,15,16,18,25
Combinação 30: 1,3,4,6,7,10,13,14,16,18,19,20,21,22,25
Combinação 31: 1,3,5,6,8,9,10,12,15,16,17,18,21,23,25
Combinação 32: 1,2,3,4,5,6,8,10,11,16,18,19,21,24,25
Combinação 33: 1,2,4,5,6,10,15,16,18,19,20,21,22,23,25
Combinação 34: 1,3,5,6,8,10,11,18,19,20,21,22,23,24,25
Combinação 35: 1,2,3,4,5,6,7,10,13,18,19,20,21,22,25
Combinação 36: 1,2,3,4,5,6,7,10,12,16,17,18,20,23,25
Combinação 37: 1,3,4,5,6,10,11,14,15,17,18,19,20,21,25
Combinação 38: 1,3,4,5,6,9,10,13,14,16,17,18,19,21,25
Combinação 39: 1,4,5,6,10,13,14,16,17,18,20,21,23,24,25
Combinação 40: 1,2,3,4,5,6,10,13,14,16,17,18,19,23,25
Combinação 41: 1,3,4,5,6,7,9,10,13,14,18,19,21,23,25
Combinação 42: 2,3,4,5,8,9,10,13,14,15,16,18,21,22,25
Combinação 43: 1,3,5,6,7,10,15,17,18,19,20,21,23,24,25
Combinação 44: 1,2,3,4,5,6,7,8,9,10,12,18,19,22,25
Combinação 45: 1,2,3,4,5,8,9,13,14,16,18,19,21,24,25
Combinação 46: 1,3,4,5,6,10,11,13,14,17,18,19,21,23,25
Combinação 47: 1,2,3,5,6,10,12,14,16,17,18,19,21,23,25
Combinação 48: 1,4,5,6,7,9,13,14,15,18,20,21,22,24,25
Combinação 49: 1,3,4,5,6,7,8,10,11,12,13,18,19,21,25
Combinação 50: 1,2,3,4,5,6,7,10,13,14,15,18,21,22,25
