# Combinações base - dinamico
# Gerado em: 08/09/2025 19:30:56
# Total: 1000 combinações

Combinação 1: 1,4,5,6,7,8,10,12,13,15,18,19,22,24,25
Combinação 2: 1,2,4,5,6,10,11,12,15,18,19,22,23,24,25
Combinação 3: 1,2,4,5,6,9,11,17,18,19,21,22,23,24,25
Combinação 4: 1,4,5,6,12,13,15,17,18,19,20,21,23,24,25
Combinação 5: 1,2,3,5,6,7,8,12,15,18,19,21,22,23,25
Combinação 6: 1,2,5,6,9,10,11,17,18,19,21,22,23,24,25
Combinação 7: 1,3,4,5,6,7,9,10,12,13,14,15,18,22,25
Combinação 8: 1,5,6,7,8,9,12,14,15,16,18,19,21,23,25
Combinação 9: 1,2,5,6,8,9,11,17,18,19,21,22,23,24,25
Combinação 10: 1,2,3,5,6,8,9,11,12,15,18,19,21,23,25
Combinação 11: 1,2,3,5,6,7,12,13,14,15,18,19,20,23,25
Combinação 12: 1,2,5,6,9,11,17,18,19,20,21,22,23,24,25
Combinação 13: 1,2,3,4,5,6,8,12,13,14,15,18,19,23,25
Combinação 14: 1,2,3,4,5,6,12,13,15,18,19,22,23,24,25
Combinação 15: 1,2,5,6,9,11,13,17,18,19,21,22,23,24,25
Combinação 16: 1,4,5,6,7,8,9,11,12,13,14,15,18,22,25
Combinação 17: 1,3,5,6,7,8,10,12,14,15,16,18,19,22,25
Combinação 18: 1,2,5,6,7,9,11,17,18,19,21,22,23,24,25
Combinação 19: 1,4,5,6,8,9,11,12,13,15,18,22,23,24,25
Combinação 20: 1,4,5,6,8,10,12,14,15,16,18,19,21,24,25
Combinação 21: 1,2,5,6,9,11,16,17,18,19,21,22,23,24,25
Combinação 22: 1,2,5,6,7,8,11,12,14,15,17,18,19,23,25
Combinação 23: 1,4,5,6,7,11,12,13,14,15,18,21,22,24,25
Combinação 24: 1,2,5,6,9,11,12,17,18,19,21,22,23,24,25
Combinação 25: 1,2,5,6,8,10,11,12,14,15,18,19,21,24,25
Combinação 26: 1,2,4,5,6,7,9,11,12,13,14,15,18,21,25
Combinação 27: 1,3,5,6,7,9,11,12,13,14,15,17,18,23,25
Combinação 28: 1,2,3,4,5,6,8,11,12,13,15,18,19,20,25
Combinação 29: 1,2,4,5,6,7,9,10,12,14,15,16,17,18,25
Combinação 30: 1,2,4,5,6,7,12,13,15,17,18,20,21,22,25
Combinação 31: 1,2,4,5,6,10,11,12,14,15,18,19,22,24,25
Combinação 32: 1,2,4,5,6,9,10,12,15,18,19,21,22,24,25
Combinação 33: 1,2,4,5,6,12,13,15,17,18,19,21,23,24,25
Combinação 34: 1,4,5,6,7,10,11,12,14,15,18,19,20,24,25
Combinação 35: 1,2,4,5,6,8,9,11,12,15,18,19,21,22,25
Combinação 36: 1,4,5,6,7,10,12,13,15,17,18,19,21,23,25
Combinação 37: 1,5,6,8,11,12,13,14,15,18,19,21,22,23,25
Combinação 38: 1,4,5,6,8,9,11,12,14,15,18,19,21,23,25
Combinação 39: 1,2,5,6,9,11,15,17,18,19,21,22,23,24,25
Combinação 40: 1,2,4,5,6,11,12,14,15,18,20,21,22,24,25
Combinação 41: 1,3,4,5,6,7,8,12,13,14,15,18,23,24,25
Combinação 42: 1,2,4,5,6,7,10,12,13,15,16,18,19,24,25
Combinação 43: 1,2,3,5,6,8,11,12,15,18,19,21,22,23,25
Combinação 44: 1,2,5,6,9,11,14,17,18,19,21,22,23,24,25
Combinação 45: 1,2,3,4,5,6,8,12,15,18,19,21,23,24,25
Combinação 46: 1,2,4,5,6,7,8,11,12,15,16,18,21,23,25
Combinação 47: 1,5,6,7,9,10,11,12,13,15,18,19,22,23,25
Combinação 48: 1,2,4,5,6,10,11,12,13,15,17,18,21,24,25
Combinação 49: 1,2,3,5,6,8,11,12,15,18,21,22,23,24,25
Combinação 50: 1,2,3,4,5,6,8,9,10,12,15,18,19,23,25
Combinação 51: 1,3,5,6,10,11,12,13,14,15,18,19,21,23,25
Combinação 52: 1,2,4,5,6,8,10,12,14,15,17,18,19,20,25
Combinação 53: 1,3,5,6,7,8,9,12,14,15,18,21,22,24,25
Combinação 54: 1,2,4,5,6,7,8,11,12,15,18,21,22,23,25
Combinação 55: 1,2,5,6,7,8,10,12,13,15,18,19,20,22,25
Combinação 56: 1,3,5,6,7,9,11,12,14,15,17,18,21,22,25
Combinação 57: 1,3,4,5,6,9,10,11,12,13,14,15,18,23,25
Combinação 58: 1,3,4,5,6,7,8,12,15,18,19,20,21,24,25
Combinação 59: 1,2,3,5,6,7,8,9,12,14,15,17,18,24,25
Combinação 60: 1,2,5,6,8,9,11,12,14,15,18,19,21,22,25
Combinação 61: 1,2,3,5,6,7,10,12,15,18,19,21,23,24,25
Combinação 62: 1,2,3,4,5,6,8,9,12,13,14,15,18,21,25
Combinação 63: 1,2,5,6,7,8,9,10,12,13,14,15,18,19,25
Combinação 64: 1,3,5,6,7,8,9,10,12,13,15,18,19,21,25
Combinação 65: 1,2,5,6,8,10,12,13,14,15,16,18,19,20,25
Combinação 66: 1,2,3,4,5,6,7,10,12,14,15,18,20,23,25
Combinação 67: 1,4,5,6,7,9,11,12,14,15,17,18,20,23,25
Combinação 68: 1,3,4,5,6,8,11,12,13,14,15,16,18,21,25
Combinação 69: 1,4,5,6,9,11,12,14,15,17,18,20,23,24,25
Combinação 70: 1,2,5,6,7,8,9,12,13,15,18,19,21,22,25
Combinação 71: 1,2,4,5,6,10,12,13,14,15,18,21,22,24,25
Combinação 72: 1,3,4,5,6,7,8,9,10,12,15,18,22,23,25
Combinação 73: 1,5,6,7,8,9,10,11,12,15,18,20,22,24,25
Combinação 74: 1,2,4,5,6,10,11,12,14,15,16,18,19,22,25
Combinação 75: 1,2,3,5,6,9,11,17,18,19,21,22,23,24,25
Combinação 76: 1,4,5,6,7,10,12,13,14,15,18,21,22,23,25
Combinação 77: 1,2,5,6,9,11,12,13,14,15,18,19,21,24,25
Combinação 78: 1,2,4,5,6,9,11,12,14,15,18,19,21,23,25
Combinação 79: 1,5,6,7,8,9,10,11,12,14,15,18,20,24,25
Combinação 80: 1,2,3,5,6,7,9,12,14,15,18,19,22,23,25
Combinação 81: 1,2,4,5,6,7,8,10,12,13,15,18,19,23,25
Combinação 82: 1,2,4,5,6,8,12,13,14,15,17,18,20,24,25
Combinação 83: 1,4,5,6,7,10,12,13,14,15,18,19,22,23,25
Combinação 84: 1,5,6,9,10,11,12,13,15,16,18,19,20,22,25
Combinação 85: 1,2,4,5,6,8,11,12,14,15,18,21,22,24,25
Combinação 86: 1,4,5,6,9,11,12,14,15,17,18,19,22,23,25
Combinação 87: 1,3,5,6,7,8,10,11,12,14,15,18,20,21,25
Combinação 88: 1,4,5,6,8,9,11,12,15,16,18,19,21,23,25
Combinação 89: 1,3,5,6,7,10,12,13,14,15,16,18,21,22,25
Combinação 90: 1,3,4,5,6,8,11,12,13,14,15,18,20,21,25
Combinação 91: 1,4,5,6,10,12,13,15,18,19,21,22,23,24,25
Combinação 92: 1,4,5,6,7,8,11,12,13,15,16,18,21,22,25
Combinação 93: 1,3,4,5,6,7,12,14,15,18,19,20,21,23,25
Combinação 94: 1,3,4,5,6,7,8,11,12,15,18,19,22,23,25
Combinação 95: 1,2,5,6,7,8,10,12,14,15,17,18,21,23,25
Combinação 96: 1,2,3,4,5,6,9,12,14,15,16,18,22,24,25
Combinação 97: 1,2,4,5,6,11,12,13,15,16,17,18,20,24,25
Combinação 98: 1,5,6,7,8,10,12,14,15,18,19,20,22,23,25
Combinação 99: 1,2,4,5,6,10,11,12,13,14,15,18,21,23,25
Combinação 100: 1,2,3,5,6,7,8,11,12,14,15,17,18,19,25
Combinação 101: 1,2,3,4,5,6,9,12,14,15,16,18,20,21,25
Combinação 102: 1,2,3,4,5,6,12,13,15,16,17,18,20,22,25
Combinação 103: 1,4,5,6,9,10,12,14,15,17,18,19,22,23,25
Combinação 104: 1,2,5,6,7,9,10,12,13,15,16,18,22,23,25
Combinação 105: 1,5,6,9,11,12,13,14,15,17,18,19,20,22,25
Combinação 106: 1,4,5,6,7,10,11,12,14,15,18,21,22,23,25
Combinação 107: 1,3,5,6,7,8,10,12,13,15,17,18,22,23,25
Combinação 108: 1,2,5,6,7,10,12,13,14,15,16,18,19,22,25
Combinação 109: 1,4,5,6,7,11,12,14,15,17,18,19,21,22,25
Combinação 110: 1,3,4,5,6,10,11,12,14,15,18,20,22,23,25
Combinação 111: 1,4,5,6,9,10,12,13,15,16,17,18,19,22,25
Combinação 112: 1,2,4,5,6,8,11,12,14,15,18,20,22,23,25
Combinação 113: 1,2,4,5,6,7,9,12,15,18,19,21,22,24,25
Combinação 114: 1,2,3,4,5,6,12,13,14,15,18,19,20,22,25
Combinação 115: 1,4,5,6,7,8,9,10,12,15,18,19,21,24,25
Combinação 116: 1,4,5,6,8,10,12,13,14,15,18,19,20,22,25
Combinação 117: 1,2,5,6,7,9,10,11,12,13,15,18,21,24,25
Combinação 118: 1,2,3,4,5,6,12,15,16,18,19,20,21,22,25
Combinação 119: 1,4,5,6,7,11,12,13,15,18,19,21,23,24,25
Combinação 120: 1,2,3,4,5,6,12,13,14,15,18,19,20,23,25
Combinação 121: 1,2,5,6,7,9,11,12,13,15,17,18,19,21,25
Combinação 122: 1,5,6,9,10,12,14,15,16,18,19,20,21,24,25
Combinação 123: 1,2,4,5,6,8,11,12,13,15,16,18,19,21,25
Combinação 124: 1,2,3,4,5,6,7,12,13,14,15,18,19,23,25
Combinação 125: 1,3,5,6,7,8,11,12,13,14,15,18,19,20,25
Combinação 126: 1,2,3,5,6,7,12,14,15,18,21,22,23,24,25
Combinação 127: 1,4,5,6,7,8,9,10,11,12,15,17,18,21,25
Combinação 128: 1,4,5,6,8,11,12,15,18,19,20,21,22,23,25
Combinação 129: 1,4,5,6,7,9,10,12,13,14,15,16,18,21,25
Combinação 130: 1,2,4,5,6,8,11,12,13,14,15,18,19,22,25
Combinação 131: 1,2,4,5,6,8,11,12,14,15,18,19,21,23,25
Combinação 132: 1,4,5,6,7,10,11,12,14,15,18,19,22,24,25
Combinação 133: 1,4,5,6,8,9,12,13,14,15,16,18,19,22,25
Combinação 134: 1,2,5,6,7,8,12,13,14,15,18,20,21,23,25
Combinação 135: 1,2,4,5,6,9,12,13,15,16,18,20,22,23,25
Combinação 136: 1,3,4,5,6,7,8,10,12,15,18,19,20,23,25
Combinação 137: 1,2,4,5,6,7,10,12,13,15,17,18,23,24,25
Combinação 138: 1,2,3,5,6,7,9,12,13,15,17,18,21,23,25
Combinação 139: 1,4,5,6,7,9,12,13,14,15,18,19,21,22,25
Combinação 140: 1,2,5,6,7,10,12,15,18,19,20,22,23,24,25
Combinação 141: 1,2,3,4,5,6,9,12,15,17,18,19,20,21,25
Combinação 142: 1,5,6,7,8,10,11,12,13,14,15,17,18,19,25
Combinação 143: 1,3,4,5,6,9,11,12,14,15,17,18,19,24,25
Combinação 144: 1,2,5,6,7,12,13,14,15,17,18,19,20,24,25
Combinação 145: 1,4,5,6,7,8,10,12,13,15,18,19,22,23,25
Combinação 146: 1,3,4,5,6,7,8,11,12,14,15,18,19,23,25
Combinação 147: 1,4,5,6,8,11,12,14,15,18,19,20,21,23,25
Combinação 148: 1,2,4,5,6,7,8,9,10,12,13,15,18,19,25
Combinação 149: 1,3,5,6,9,11,12,14,15,16,18,20,22,24,25
Combinação 150: 1,2,4,5,6,7,8,10,12,13,15,17,18,19,25
Combinação 151: 1,2,5,6,7,9,10,12,15,18,19,20,21,22,25
Combinação 152: 1,4,5,6,7,12,14,15,18,19,20,21,23,24,25
Combinação 153: 1,4,5,6,7,8,9,10,12,15,18,20,21,22,25
Combinação 154: 1,4,5,6,7,8,12,14,15,18,19,20,22,23,25
Combinação 155: 1,3,5,6,10,11,12,13,14,15,18,19,23,24,25
Combinação 156: 1,2,4,5,6,8,9,12,14,15,18,20,21,23,25
Combinação 157: 1,3,5,6,8,10,11,12,13,15,17,18,21,23,25
Combinação 158: 1,2,3,4,5,6,9,10,11,12,15,18,21,23,25
Combinação 159: 1,2,3,5,6,9,12,14,15,16,18,19,21,23,25
Combinação 160: 1,2,3,4,5,6,11,12,13,15,18,19,21,23,25
Combinação 161: 1,2,4,5,6,7,9,10,12,15,18,19,20,23,25
Combinação 162: 1,2,3,4,5,6,7,8,12,14,15,18,22,24,25
Combinação 163: 1,3,4,5,6,9,10,12,15,16,18,20,21,23,25
Combinação 164: 1,2,4,5,6,7,8,9,12,13,15,18,22,24,25
Combinação 165: 1,2,5,6,7,9,10,11,12,13,15,16,18,23,25
Combinação 166: 1,4,5,6,8,9,10,12,13,14,15,18,20,21,25
Combinação 167: 1,4,5,6,8,11,12,13,14,15,18,19,21,22,25
Combinação 168: 1,2,5,6,10,11,12,13,14,15,18,21,22,23,25
Combinação 169: 1,2,3,5,6,9,10,11,12,15,18,19,22,24,25
Combinação 170: 1,4,5,6,7,8,9,11,12,15,18,19,22,23,25
Combinação 171: 1,2,4,5,6,8,10,12,13,15,17,18,21,22,25
Combinação 172: 1,4,5,6,7,9,11,12,13,14,15,18,19,22,25
Combinação 173: 1,4,5,6,8,10,11,12,13,14,15,18,19,21,25
Combinação 174: 1,2,5,6,7,8,11,12,15,18,19,21,22,23,25
Combinação 175: 1,5,6,7,8,9,12,14,15,18,19,21,22,24,25
Combinação 176: 1,4,5,6,7,8,12,13,15,16,18,19,21,22,25
Combinação 177: 1,2,4,5,6,9,12,14,15,18,19,20,21,23,25
Combinação 178: 1,3,4,5,6,7,10,12,14,15,17,18,19,20,25
Combinação 179: 1,2,4,5,6,7,9,12,13,15,18,19,20,21,25
Combinação 180: 1,4,5,6,7,8,10,12,13,14,15,17,18,19,25
Combinação 181: 1,2,4,5,6,7,10,12,13,15,18,19,21,23,25
Combinação 182: 1,3,5,6,8,10,11,12,15,16,18,19,22,24,25
Combinação 183: 1,2,4,5,6,9,12,13,15,17,18,19,20,23,25
Combinação 184: 1,2,4,5,6,9,10,12,15,18,19,21,23,24,25
Combinação 185: 1,2,4,5,6,7,11,12,14,15,16,17,18,21,25
Combinação 186: 1,4,5,6,12,13,14,15,18,19,20,21,22,24,25
Combinação 187: 1,2,3,4,5,6,10,12,13,14,15,18,19,21,25
Combinação 188: 1,2,3,5,6,7,12,15,18,19,20,21,22,23,25
Combinação 189: 1,3,4,5,6,8,10,12,15,18,19,21,22,23,25
Combinação 190: 1,5,6,7,11,12,14,15,17,18,19,21,23,24,25
Combinação 191: 1,2,4,5,6,9,11,12,13,15,18,19,22,23,25
Combinação 192: 1,2,4,5,6,7,10,11,12,15,17,18,22,23,25
Combinação 193: 1,2,5,6,7,8,9,10,12,15,17,18,19,21,25
Combinação 194: 1,2,4,5,6,8,12,15,18,19,20,21,23,24,25
Combinação 195: 1,2,5,6,7,9,12,13,15,17,18,20,21,22,25
Combinação 196: 1,2,4,5,6,10,11,12,13,14,15,16,18,21,25
Combinação 197: 1,5,6,7,9,10,11,12,13,15,16,18,22,24,25
Combinação 198: 1,2,3,5,6,9,10,12,15,16,18,19,20,23,25
Combinação 199: 1,2,4,5,6,7,8,10,11,12,15,16,18,22,25
Combinação 200: 1,2,3,4,5,6,7,11,12,14,15,18,21,23,25
Combinação 201: 1,4,5,6,9,11,12,13,15,18,19,21,22,24,25
Combinação 202: 1,2,4,5,6,7,8,9,12,15,18,21,22,23,25
Combinação 203: 1,2,4,5,6,7,8,12,13,14,15,18,19,21,25
Combinação 204: 1,2,5,6,8,10,11,12,13,15,16,18,21,23,25
Combinação 205: 1,4,5,6,7,8,10,12,15,17,18,20,21,22,25
Combinação 206: 1,2,5,6,8,10,12,13,15,16,17,18,21,23,25
Combinação 207: 1,5,6,7,8,12,14,15,17,18,19,21,22,24,25
Combinação 208: 1,2,4,5,6,10,12,15,18,19,21,22,23,24,25
Combinação 209: 1,3,5,6,8,9,12,13,15,18,19,20,22,24,25
Combinação 210: 1,2,5,6,7,11,12,13,15,16,18,20,21,22,25
Combinação 211: 1,4,5,6,7,8,11,12,14,15,18,19,20,21,25
Combinação 212: 1,2,5,6,11,12,14,15,17,18,19,20,22,23,25
Combinação 213: 1,4,5,6,7,9,12,14,15,17,18,19,20,21,25
Combinação 214: 1,2,5,6,7,8,12,13,15,18,19,20,21,22,25
Combinação 215: 1,4,5,6,7,8,9,11,12,13,15,16,18,19,25
Combinação 216: 1,5,6,8,9,11,12,15,17,18,19,21,22,23,25
Combinação 217: 1,4,5,6,9,11,12,13,14,15,17,18,19,24,25
Combinação 218: 1,4,5,6,7,8,11,12,13,14,15,16,18,23,25
Combinação 219: 1,2,3,5,6,7,12,13,14,15,18,22,23,24,25
Combinação 220: 1,2,3,5,6,8,9,10,12,13,14,15,18,24,25
Combinação 221: 1,2,3,4,5,6,11,12,15,18,19,20,21,22,25
Combinação 222: 1,2,5,6,7,9,12,13,15,18,19,21,22,23,25
Combinação 223: 1,4,5,6,7,8,10,11,12,13,15,18,19,22,25
Combinação 224: 1,2,3,4,5,6,7,8,11,12,14,15,16,18,25
Combinação 225: 1,2,5,6,7,12,13,15,18,19,20,21,23,24,25
Combinação 226: 1,3,4,5,6,7,8,10,12,13,15,18,21,22,25
Combinação 227: 1,3,5,6,8,9,10,12,14,15,16,18,19,21,25
Combinação 228: 1,2,3,5,6,7,8,9,11,12,15,16,18,21,25
Combinação 229: 1,4,5,6,7,10,11,12,15,18,19,20,21,22,25
Combinação 230: 1,3,4,5,6,10,12,13,14,15,18,19,21,22,25
Combinação 231: 1,5,6,7,8,11,12,13,15,17,18,19,21,22,25
Combinação 232: 1,4,5,6,7,8,10,11,12,15,18,19,20,21,25
Combinação 233: 1,2,5,6,9,11,12,13,15,16,18,19,23,24,25
Combinação 234: 1,2,5,6,7,11,12,14,15,17,18,19,20,22,25
Combinação 235: 1,2,3,5,6,8,9,10,11,12,13,14,15,18,25
Combinação 236: 1,2,3,4,5,6,7,12,13,15,18,21,22,23,25
Combinação 237: 1,3,4,5,6,7,8,9,10,11,12,15,18,21,25
Combinação 238: 1,3,4,5,6,8,9,10,12,14,15,18,19,20,25
Combinação 239: 1,4,5,6,8,9,10,11,12,14,15,18,19,21,25
Combinação 240: 1,5,6,10,11,12,13,15,16,17,18,19,22,24,25
Combinação 241: 1,2,4,5,6,8,9,11,12,15,18,19,21,24,25
Combinação 242: 1,3,4,5,6,7,10,11,12,13,15,16,18,19,25
Combinação 243: 1,4,5,6,7,9,10,11,12,13,15,18,22,23,25
Combinação 244: 1,2,4,5,6,7,8,9,11,12,15,18,19,21,25
Combinação 245: 1,2,3,5,6,9,10,12,14,15,16,18,19,24,25
Combinação 246: 1,3,4,5,6,8,11,12,13,15,18,19,22,24,25
Combinação 247: 1,2,4,5,6,7,12,13,15,18,19,20,21,24,25
Combinação 248: 1,3,4,5,6,7,8,12,14,15,18,21,22,24,25
Combinação 249: 1,3,5,6,7,8,9,10,11,12,15,16,18,22,25
Combinação 250: 1,4,5,6,8,11,12,13,14,15,17,18,19,21,25
Combinação 251: 1,2,3,4,5,6,8,12,15,17,18,19,21,22,25
Combinação 252: 1,3,4,5,6,8,9,10,11,12,14,15,18,22,25
Combinação 253: 1,4,5,6,7,8,9,11,12,15,17,18,19,24,25
Combinação 254: 1,4,5,6,7,9,12,14,15,18,20,21,22,24,25
Combinação 255: 1,4,5,6,7,10,12,14,15,18,20,21,22,24,25
Combinação 256: 1,4,5,6,7,11,12,13,15,16,18,19,20,22,25
Combinação 257: 1,3,5,6,8,10,11,12,13,14,15,18,19,23,25
Combinação 258: 1,2,3,5,6,9,12,13,15,16,17,18,19,20,25
Combinação 259: 1,2,4,5,6,7,11,12,14,15,17,18,21,22,25
Combinação 260: 1,2,4,5,6,11,12,13,14,15,18,19,20,24,25
Combinação 261: 1,2,4,5,6,8,10,11,12,13,15,18,19,21,25
Combinação 262: 1,2,4,5,6,7,9,11,12,15,18,19,22,23,25
Combinação 263: 1,2,4,5,6,11,12,13,15,18,21,22,23,24,25
Combinação 264: 1,2,4,5,6,8,12,13,15,16,18,19,21,22,25
Combinação 265: 1,4,5,6,7,9,10,12,13,14,15,18,21,23,25
Combinação 266: 1,4,5,6,8,9,12,13,14,15,18,19,22,24,25
Combinação 267: 1,2,5,6,7,8,12,13,15,18,19,20,23,24,25
Combinação 268: 1,4,5,6,9,12,14,15,17,18,19,20,21,23,25
Combinação 269: 1,3,4,5,6,7,8,11,12,13,14,15,17,18,25
Combinação 270: 1,2,3,4,5,6,7,8,9,10,12,15,18,19,25
Combinação 271: 1,2,4,5,6,7,9,12,13,14,15,18,19,23,25
Combinação 272: 1,3,5,6,7,8,10,11,12,13,15,18,19,23,25
Combinação 273: 1,2,5,6,7,10,12,14,15,18,19,21,22,24,25
Combinação 274: 1,3,5,6,7,8,11,12,14,15,17,18,19,21,25
Combinação 275: 1,3,5,6,10,12,13,15,18,19,20,22,23,24,25
Combinação 276: 1,5,6,8,9,10,12,13,15,17,18,19,21,23,25
Combinação 277: 1,2,5,6,8,9,11,12,15,18,19,21,23,24,25
Combinação 278: 1,3,4,5,6,8,9,10,12,13,15,16,18,21,25
Combinação 279: 1,5,6,8,10,11,12,14,15,18,19,20,22,23,25
Combinação 280: 1,2,4,5,6,10,12,13,15,18,19,21,22,24,25
Combinação 281: 1,2,5,6,7,8,9,11,12,15,16,18,20,22,25
Combinação 282: 1,2,3,4,5,6,8,11,12,13,15,18,19,21,25
Combinação 283: 1,4,5,6,7,10,11,12,14,15,18,19,20,21,25
Combinação 284: 1,4,5,6,7,9,10,11,12,13,14,15,18,19,25
Combinação 285: 1,4,5,6,8,10,12,15,17,18,19,20,21,22,25
Combinação 286: 1,2,3,4,5,6,7,10,12,14,15,18,21,23,25
Combinação 287: 1,2,3,5,6,8,12,13,14,15,18,21,23,24,25
Combinação 288: 1,2,3,5,6,12,13,14,15,16,18,19,22,24,25
Combinação 289: 1,4,5,6,7,8,12,13,14,15,18,19,21,22,25
Combinação 290: 1,3,5,6,7,10,11,12,13,14,15,18,19,21,25
Combinação 291: 1,5,6,11,12,13,14,15,16,18,20,21,22,23,25
Combinação 292: 1,2,3,5,6,7,12,15,16,18,19,20,21,24,25
Combinação 293: 1,2,4,5,6,9,10,11,12,15,16,18,20,23,25
Combinação 294: 1,3,4,5,6,8,11,12,15,18,19,20,22,24,25
Combinação 295: 1,2,4,5,6,11,12,14,15,17,18,21,22,23,25
Combinação 296: 1,2,3,4,5,6,7,11,12,13,15,17,18,19,25
Combinação 297: 1,4,5,6,7,8,11,12,15,16,18,20,21,22,25
Combinação 298: 1,2,4,5,6,7,9,11,12,14,15,18,19,22,25
Combinação 299: 1,3,5,6,8,9,11,12,13,14,15,16,18,21,25
Combinação 300: 1,2,5,6,9,11,12,14,15,16,17,18,22,23,25
Combinação 301: 1,2,3,4,5,6,7,8,11,12,15,18,19,22,25
Combinação 302: 1,2,4,5,6,9,12,14,15,17,18,19,20,24,25
Combinação 303: 1,4,5,6,10,12,13,14,15,16,18,21,22,23,25
Combinação 304: 1,3,4,5,6,10,11,12,13,15,16,18,20,24,25
Combinação 305: 1,3,4,5,6,10,11,12,13,14,15,16,18,22,25
Combinação 306: 1,5,6,11,12,13,14,15,17,18,19,21,22,23,25
Combinação 307: 1,2,3,4,5,6,11,12,14,15,18,20,22,23,25
Combinação 308: 1,2,3,5,6,7,12,15,18,19,20,21,22,24,25
Combinação 309: 1,2,3,5,6,7,9,11,12,14,15,16,18,22,25
Combinação 310: 1,4,5,6,7,8,12,13,14,15,18,19,20,21,25
Combinação 311: 1,4,5,6,7,8,10,11,12,13,15,17,18,19,25
Combinação 312: 1,2,3,5,6,8,9,11,12,14,15,17,18,19,25
Combinação 313: 1,2,4,5,6,8,12,14,15,16,17,18,19,22,25
Combinação 314: 1,3,4,5,6,7,8,12,13,15,18,20,21,23,25
Combinação 315: 1,3,4,5,6,7,12,13,14,15,16,18,19,21,25
Combinação 316: 1,2,5,6,7,10,11,12,13,14,15,18,19,22,25
Combinação 317: 1,3,5,6,7,8,10,11,12,13,14,15,18,22,25
Combinação 318: 1,2,4,5,6,7,8,10,11,12,14,15,18,22,25
Combinação 319: 1,2,4,5,6,7,9,11,12,15,18,21,22,23,25
Combinação 320: 1,2,5,6,7,8,11,12,14,15,18,19,21,22,25
Combinação 321: 1,2,5,6,7,8,12,14,15,18,19,20,22,24,25
Combinação 322: 1,2,4,5,6,7,9,12,13,14,15,17,18,19,25
Combinação 323: 1,3,5,6,9,11,12,13,14,15,17,18,19,24,25
Combinação 324: 1,4,5,6,9,11,12,14,15,18,19,21,22,24,25
Combinação 325: 1,4,5,6,8,12,13,15,17,18,19,21,22,23,25
Combinação 326: 1,5,6,7,8,11,12,13,15,16,17,18,19,23,25
Combinação 327: 1,2,4,5,6,7,9,12,15,18,19,21,22,23,25
Combinação 328: 1,4,5,6,7,9,12,13,14,15,18,19,22,23,25
Combinação 329: 1,3,4,5,6,7,12,13,15,18,19,20,21,22,25
Combinação 330: 1,2,3,5,6,8,10,11,12,14,15,18,19,20,25
Combinação 331: 1,4,5,6,9,10,11,12,15,16,18,20,21,22,25
Combinação 332: 1,2,4,5,6,10,11,12,13,14,15,18,21,24,25
Combinação 333: 1,2,3,5,6,10,12,14,15,17,18,19,20,21,25
Combinação 334: 1,2,3,5,6,7,8,12,14,15,17,18,19,21,25
Combinação 335: 1,5,6,8,9,10,12,13,15,18,19,20,21,23,25
Combinação 336: 1,2,4,5,6,8,10,12,13,14,15,17,18,21,25
Combinação 337: 1,2,5,6,8,9,11,12,13,15,18,20,21,22,25
Combinação 338: 1,4,5,6,8,9,10,11,12,15,18,20,22,23,25
Combinação 339: 1,2,5,6,8,11,12,14,15,18,19,21,22,24,25
Combinação 340: 1,2,5,6,7,9,12,13,14,15,16,18,21,22,25
Combinação 341: 1,4,5,6,7,8,10,12,15,16,17,18,20,21,25
Combinação 342: 1,2,3,5,6,7,10,12,15,16,18,19,20,24,25
Combinação 343: 1,4,5,6,8,11,12,15,18,19,20,22,23,24,25
Combinação 344: 1,3,4,5,6,9,10,11,12,13,14,15,18,22,25
Combinação 345: 1,2,3,4,5,6,11,12,15,16,18,19,21,23,25
Combinação 346: 1,2,5,6,7,8,11,12,15,17,18,19,20,22,25
Combinação 347: 1,3,5,6,8,12,13,14,15,16,18,19,20,21,25
Combinação 348: 1,5,6,7,9,10,12,13,14,15,17,18,22,24,25
Combinação 349: 1,5,6,7,9,12,13,14,15,18,19,20,21,23,25
Combinação 350: 1,2,5,6,8,12,13,14,15,17,18,19,21,22,25
Combinação 351: 1,4,5,6,7,8,10,11,12,15,18,19,22,23,25
Combinação 352: 1,5,6,7,8,9,11,12,14,15,16,18,21,22,25
Combinação 353: 1,2,4,5,6,12,13,14,15,18,19,20,21,23,25
Combinação 354: 1,4,5,6,7,8,10,12,13,15,16,18,19,21,25
Combinação 355: 1,4,5,6,7,9,12,13,15,16,18,19,21,22,25
Combinação 356: 1,3,4,5,6,7,9,10,12,14,15,18,19,24,25
Combinação 357: 1,3,4,5,6,7,8,11,12,14,15,18,19,20,25
Combinação 358: 1,2,4,5,6,7,8,12,13,14,15,18,21,22,25
Combinação 359: 1,2,3,4,5,6,7,8,9,11,12,15,18,19,25
Combinação 360: 1,5,6,7,8,11,12,13,15,18,19,20,22,24,25
Combinação 361: 1,3,4,5,6,8,11,12,15,17,18,19,20,23,25
Combinação 362: 1,2,3,5,6,7,9,10,11,12,15,18,22,23,25
Combinação 363: 1,2,4,5,6,7,10,12,13,15,16,18,19,23,25
Combinação 364: 1,4,5,6,7,12,13,14,15,16,18,19,21,22,25
Combinação 365: 1,2,4,5,6,11,12,14,15,16,18,19,20,22,25
Combinação 366: 1,4,5,6,8,9,11,12,13,15,18,19,20,22,25
Combinação 367: 1,2,3,5,6,7,9,12,13,14,15,18,20,22,25
Combinação 368: 1,2,4,5,6,9,10,12,15,16,18,20,21,22,25
Combinação 369: 1,4,5,6,8,10,12,14,15,16,18,19,20,24,25
Combinação 370: 1,4,5,6,12,13,14,15,17,18,20,22,23,24,25
Combinação 371: 1,2,3,4,5,6,7,12,13,14,15,18,21,23,25
Combinação 372: 1,2,4,5,6,7,9,10,11,12,13,15,18,19,25
Combinação 373: 1,2,3,4,5,6,8,11,12,14,15,18,21,24,25
Combinação 374: 1,2,3,5,6,8,9,12,14,15,18,19,21,22,25
Combinação 375: 1,2,4,5,6,9,12,14,15,18,20,21,22,24,25
Combinação 376: 1,4,5,6,7,8,10,11,12,14,15,17,18,19,25
Combinação 377: 1,2,4,5,6,7,9,11,12,15,18,19,21,24,25
Combinação 378: 1,4,5,6,7,11,12,13,15,17,18,19,22,24,25
Combinação 379: 1,2,4,5,6,7,8,12,14,15,17,18,19,22,25
Combinação 380: 1,3,5,6,11,12,13,14,15,17,18,19,21,22,25
Combinação 381: 1,2,4,5,6,7,9,12,13,15,18,19,21,22,25
Combinação 382: 1,2,4,5,6,7,12,13,14,15,18,19,22,24,25
Combinação 383: 1,2,4,5,6,9,10,11,12,13,14,15,18,19,25
Combinação 384: 1,2,3,5,6,9,11,12,13,15,18,19,21,22,25
Combinação 385: 1,2,3,4,5,6,9,12,13,14,15,18,21,22,25
Combinação 386: 1,4,5,6,7,11,12,14,15,18,19,20,21,24,25
Combinação 387: 1,2,4,5,6,7,10,12,14,15,18,21,22,24,25
Combinação 388: 1,5,6,9,10,12,13,15,17,18,19,20,23,24,25
Combinação 389: 1,4,5,6,7,10,12,13,14,15,18,19,20,24,25
Combinação 390: 1,2,4,5,6,8,9,11,12,15,18,19,21,23,25
Combinação 391: 1,2,4,5,6,7,8,10,12,13,15,18,19,24,25
Combinação 392: 1,2,3,5,6,11,12,14,15,18,20,21,22,24,25
Combinação 393: 1,2,4,5,6,7,10,11,12,14,15,18,21,23,25
Combinação 394: 1,2,3,4,5,6,7,10,11,12,13,15,18,19,25
Combinação 395: 1,2,3,4,5,6,8,11,12,13,14,15,18,19,25
Combinação 396: 1,2,3,5,6,8,10,11,12,15,18,19,21,22,25
Combinação 397: 1,3,4,5,6,7,8,12,13,14,15,18,21,23,25
Combinação 398: 1,4,5,6,10,11,12,13,15,16,18,20,21,23,25
Combinação 399: 1,2,4,5,6,8,9,10,12,13,15,18,19,22,25
Combinação 400: 1,3,4,5,6,7,12,13,15,18,19,22,23,24,25
Combinação 401: 1,3,4,5,6,7,8,9,11,12,15,17,18,20,25
Combinação 402: 1,2,4,5,6,7,8,10,11,12,13,14,15,18,25
Combinação 403: 1,2,4,5,6,7,9,10,12,14,15,18,19,20,25
Combinação 404: 1,3,4,5,6,8,9,12,13,15,18,19,21,22,25
Combinação 405: 1,3,5,6,7,10,12,13,14,15,18,19,21,22,25
Combinação 406: 1,2,4,5,6,7,10,12,14,15,17,18,20,22,25
Combinação 407: 1,2,3,4,5,6,8,11,12,14,15,18,19,22,25
Combinação 408: 1,3,5,6,8,9,11,12,13,15,17,18,19,23,25
Combinação 409: 1,3,4,5,6,7,8,11,12,14,15,18,22,23,25
Combinação 410: 1,2,3,5,6,9,10,11,12,14,15,18,22,23,25
Combinação 411: 1,5,6,7,8,9,12,15,18,19,21,22,23,24,25
Combinação 412: 1,3,4,5,6,7,9,12,13,14,15,16,18,21,25
Combinação 413: 1,2,3,5,6,8,11,12,13,14,15,18,21,22,25
Combinação 414: 1,4,5,6,7,8,9,12,14,15,18,19,21,24,25
Combinação 415: 1,5,6,8,11,12,14,15,16,18,19,20,21,23,25
Combinação 416: 1,2,4,5,6,7,12,13,15,16,17,18,19,22,25
Combinação 417: 1,2,3,4,5,6,8,9,11,12,15,18,19,21,25
Combinação 418: 1,4,5,6,7,8,9,12,14,15,18,21,23,24,25
Combinação 419: 1,5,6,7,9,10,12,14,15,17,18,19,21,23,25
Combinação 420: 1,2,4,5,6,8,12,14,15,16,17,18,19,20,25
Combinação 421: 1,4,5,6,8,9,12,13,14,15,17,18,19,20,25
Combinação 422: 1,4,5,6,7,8,9,11,12,13,14,15,16,18,25
Combinação 423: 1,5,6,8,10,12,13,14,15,18,20,21,22,24,25
Combinação 424: 1,3,4,5,6,9,12,13,14,15,18,19,20,24,25
Combinação 425: 1,5,6,7,8,9,12,15,16,17,18,19,22,24,25
Combinação 426: 1,2,3,4,5,6,10,12,14,15,17,18,19,21,25
Combinação 427: 1,2,4,5,6,11,12,13,15,18,19,21,22,23,25
Combinação 428: 1,2,3,5,6,11,12,14,15,18,19,21,22,23,25
Combinação 429: 1,4,5,6,7,9,10,11,12,14,15,16,18,23,25
Combinação 430: 1,2,3,4,5,6,7,9,10,12,13,15,18,19,25
Combinação 431: 1,4,5,6,7,11,12,15,16,18,19,20,22,23,25
Combinação 432: 1,3,4,5,6,10,12,14,15,16,18,19,22,24,25
Combinação 433: 1,4,5,6,7,8,11,12,13,14,15,17,18,23,25
Combinação 434: 1,2,4,5,6,7,10,12,14,15,18,20,21,24,25
Combinação 435: 1,2,4,5,6,7,12,13,15,18,19,20,22,24,25
Combinação 436: 1,2,4,5,6,11,12,13,14,15,16,18,19,23,25
Combinação 437: 1,5,6,10,11,12,13,14,15,18,19,20,21,22,25
Combinação 438: 1,2,5,6,8,10,11,12,15,18,21,22,23,24,25
Combinação 439: 1,3,5,6,7,8,9,10,11,12,15,18,19,21,25
Combinação 440: 1,2,4,5,6,8,9,12,13,14,15,17,18,22,25
Combinação 441: 1,2,4,5,6,9,10,12,13,14,15,16,18,19,25
Combinação 442: 1,2,4,5,6,7,12,13,15,16,18,19,21,22,25
Combinação 443: 1,2,3,5,6,11,12,13,15,16,18,21,23,24,25
Combinação 444: 1,2,3,5,6,10,12,15,16,18,19,20,21,23,25
Combinação 445: 1,2,3,4,5,6,7,8,9,10,11,12,15,18,25
Combinação 446: 1,2,3,5,6,9,10,12,13,15,16,18,21,22,25
Combinação 447: 1,2,5,6,7,8,11,12,13,14,15,18,22,23,25
Combinação 448: 1,4,5,6,10,12,13,15,18,19,20,21,22,23,25
Combinação 449: 1,5,6,8,9,11,12,13,15,17,18,19,21,24,25
Combinação 450: 1,2,5,6,7,8,9,11,12,14,15,18,19,22,25
Combinação 451: 1,2,5,6,9,10,11,12,14,15,17,18,21,24,25
Combinação 452: 1,2,4,5,6,9,11,12,15,16,17,18,19,22,25
Combinação 453: 1,3,5,6,8,10,12,13,14,15,17,18,20,21,25
Combinação 454: 1,5,6,7,8,9,10,11,12,13,15,16,18,19,25
Combinação 455: 1,2,5,6,10,12,13,14,15,17,18,19,21,23,25
Combinação 456: 1,2,3,4,5,6,11,12,14,15,18,19,20,21,25
Combinação 457: 1,2,5,6,7,9,11,12,14,15,17,18,22,24,25
Combinação 458: 1,2,3,5,6,7,8,11,12,13,15,18,19,22,25
Combinação 459: 1,4,5,6,10,11,12,14,15,18,19,22,23,24,25
Combinação 460: 1,2,4,5,6,8,9,10,11,12,15,18,20,21,25
Combinação 461: 1,5,6,7,8,11,12,13,14,15,16,18,21,23,25
Combinação 462: 1,4,5,6,7,11,12,15,17,18,19,21,22,24,25
Combinação 463: 1,2,5,6,7,9,11,12,14,15,16,18,22,24,25
Combinação 464: 1,3,4,5,6,9,10,12,15,17,18,20,21,24,25
Combinação 465: 1,2,4,5,6,8,11,12,15,18,19,22,23,24,25
Combinação 466: 1,2,4,5,6,7,9,12,14,15,18,19,20,21,25
Combinação 467: 1,2,3,4,5,6,8,9,12,14,15,17,18,20,25
Combinação 468: 1,2,4,5,6,10,12,13,15,17,18,20,23,24,25
Combinação 469: 1,3,4,5,6,11,12,13,15,18,19,21,22,23,25
Combinação 470: 1,2,4,5,6,11,12,13,14,15,18,19,21,23,25
Combinação 471: 1,4,5,6,7,9,11,12,14,15,18,19,23,24,25
Combinação 472: 1,3,5,6,7,8,12,15,16,18,19,21,22,24,25
Combinação 473: 1,2,3,4,5,6,10,12,14,15,18,19,21,24,25
Combinação 474: 1,3,4,5,6,11,12,14,15,16,18,21,22,23,25
Combinação 475: 1,2,3,4,5,6,7,9,12,13,15,18,19,23,25
Combinação 476: 1,3,5,6,7,9,10,11,12,15,18,19,23,24,25
Combinação 477: 1,2,5,6,7,9,10,12,13,15,18,19,23,24,25
Combinação 478: 1,2,3,5,6,9,11,12,14,15,18,19,21,23,25
Combinação 479: 1,2,4,5,6,7,8,12,15,17,18,19,21,23,25
Combinação 480: 1,3,4,5,6,8,11,12,14,15,18,19,22,24,25
Combinação 481: 1,2,5,6,7,10,12,14,15,18,20,21,22,23,25
Combinação 482: 1,2,3,5,6,10,11,12,15,18,19,21,22,24,25
Combinação 483: 1,2,5,6,8,9,10,11,12,14,15,18,20,21,25
Combinação 484: 1,2,4,5,6,7,9,11,12,13,15,16,18,19,25
Combinação 485: 1,3,4,5,6,7,8,9,12,14,15,18,19,21,25
Combinação 486: 1,3,4,5,6,7,8,11,12,15,18,19,20,22,25
Combinação 487: 1,2,5,6,7,8,12,14,15,18,19,20,21,22,25
Combinação 488: 1,2,4,5,6,12,14,15,16,18,19,20,21,23,25
Combinação 489: 1,2,4,5,6,8,11,12,14,15,18,19,21,22,25
Combinação 490: 1,4,5,6,7,8,10,12,14,15,17,18,19,24,25
Combinação 491: 1,4,5,6,10,11,12,14,15,18,21,22,23,24,25
Combinação 492: 1,4,5,6,7,11,12,13,15,16,18,20,22,23,25
Combinação 493: 1,2,3,4,5,6,11,12,13,14,15,18,19,20,25
Combinação 494: 1,4,5,6,9,10,12,14,15,17,18,19,21,24,25
Combinação 495: 1,2,3,4,5,6,8,11,12,13,15,18,19,24,25
Combinação 496: 1,2,3,4,5,6,9,10,12,14,15,18,21,23,25
Combinação 497: 1,3,5,6,7,9,11,12,13,15,17,18,19,22,25
Combinação 498: 1,4,5,6,7,8,10,12,14,15,18,19,20,23,25
Combinação 499: 1,4,5,6,8,9,11,12,13,15,18,19,21,22,25
Combinação 500: 1,2,4,5,6,7,12,13,14,15,17,18,22,24,25
Combinação 501: 1,2,4,5,6,8,11,12,13,15,17,18,21,23,25
Combinação 502: 1,3,4,5,6,7,11,12,14,15,18,19,21,22,25
Combinação 503: 1,2,4,5,6,10,11,12,13,14,15,18,19,20,25
Combinação 504: 1,2,4,5,6,7,8,11,12,13,15,18,21,22,25
Combinação 505: 1,2,5,6,7,9,12,13,15,17,18,19,23,24,25
Combinação 506: 1,2,4,5,6,8,11,12,13,15,18,19,21,22,25
Combinação 507: 1,2,3,4,5,6,9,12,14,15,18,19,21,22,25
Combinação 508: 1,2,4,5,6,7,10,11,12,13,15,18,21,23,25
Combinação 509: 1,2,4,5,6,8,11,12,13,15,18,19,21,24,25
Combinação 510: 1,2,5,6,9,10,11,12,13,15,18,19,21,22,25
Combinação 511: 1,2,4,5,6,7,8,11,12,15,17,18,20,21,25
Combinação 512: 1,2,4,5,6,7,8,9,12,14,15,18,22,23,25
Combinação 513: 1,2,3,4,5,6,7,11,12,14,15,18,21,22,25
Combinação 514: 1,2,3,4,5,6,7,12,14,15,16,18,21,23,25
Combinação 515: 1,5,6,9,10,11,12,13,14,15,18,19,21,23,25
Combinação 516: 1,2,5,6,8,11,12,13,15,16,18,21,22,23,25
Combinação 517: 1,2,4,5,6,8,12,13,14,15,18,19,22,23,25
Combinação 518: 1,3,4,5,6,7,9,11,12,13,15,18,19,22,25
Combinação 519: 1,3,5,6,7,9,11,12,13,15,16,18,19,22,25
Combinação 520: 1,2,3,4,5,6,11,12,15,18,19,21,22,23,25
Combinação 521: 1,2,3,5,6,7,10,11,12,15,17,18,19,21,25
Combinação 522: 1,2,4,5,6,7,8,12,15,17,18,19,20,22,25
Combinação 523: 1,2,4,5,6,9,10,11,12,13,15,18,19,22,25
Combinação 524: 1,4,5,6,8,10,11,12,15,16,17,18,19,22,25
Combinação 525: 1,3,5,6,7,9,11,12,13,14,15,16,18,19,25
Combinação 526: 1,2,5,6,9,10,12,14,15,17,18,19,22,23,25
Combinação 527: 1,5,6,10,11,12,13,14,15,18,21,22,23,24,25
Combinação 528: 1,4,5,6,9,10,11,12,14,15,18,19,21,22,25
Combinação 529: 1,2,4,5,6,7,8,9,11,12,15,18,21,22,25
Combinação 530: 1,2,4,5,6,7,8,11,12,14,15,18,21,22,25
Combinação 531: 1,4,5,6,7,8,11,12,13,14,15,18,21,22,25
Combinação 532: 1,2,4,5,6,10,12,14,15,17,18,19,21,22,25
Combinação 533: 1,3,4,5,6,8,9,12,13,15,16,18,19,23,25
Combinação 534: 1,4,5,6,8,9,11,12,13,15,17,18,20,24,25
Combinação 535: 1,4,5,6,7,8,10,11,12,13,15,18,19,23,25
Combinação 536: 1,2,3,4,5,6,10,12,14,15,18,19,20,21,25
Combinação 537: 1,5,6,7,8,9,10,11,12,15,18,21,22,23,25
Combinação 538: 1,2,5,6,9,10,11,12,13,14,15,18,19,22,25
Combinação 539: 1,5,6,7,8,9,10,12,14,15,18,19,22,24,25
Combinação 540: 1,2,4,5,6,7,11,12,14,15,16,17,18,23,25
Combinação 541: 1,4,5,6,7,12,13,14,15,18,19,20,23,24,25
Combinação 542: 1,2,4,5,6,7,9,11,12,13,14,15,18,19,25
Combinação 543: 1,2,3,4,5,6,7,8,12,14,15,18,21,23,25
Combinação 544: 1,3,4,5,6,8,9,12,13,15,18,19,21,23,25
Combinação 545: 1,2,3,5,6,7,8,9,11,12,13,15,18,23,25
Combinação 546: 1,2,5,6,7,9,10,12,15,17,18,19,22,23,25
Combinação 547: 1,2,3,4,5,6,10,11,12,15,16,18,19,21,25
Combinação 548: 1,3,4,5,6,12,13,15,16,17,18,20,22,24,25
Combinação 549: 1,5,6,7,10,12,13,14,15,18,19,21,22,23,25
Combinação 550: 1,2,5,6,7,10,11,12,13,14,15,16,18,21,25
Combinação 551: 1,2,4,5,6,9,10,12,13,14,15,18,23,24,25
Combinação 552: 1,4,5,6,11,12,15,16,17,18,19,20,21,22,25
Combinação 553: 1,5,6,7,10,11,12,15,16,17,18,19,23,24,25
Combinação 554: 1,3,4,5,6,7,10,12,13,15,18,19,20,23,25
Combinação 555: 1,3,5,6,11,12,13,14,15,16,18,19,22,23,25
Combinação 556: 1,5,6,7,9,11,12,14,15,16,18,19,21,22,25
Combinação 557: 1,2,4,5,6,7,9,10,12,15,17,18,19,21,25
Combinação 558: 1,2,5,6,7,8,10,12,14,15,16,18,21,23,25
Combinação 559: 1,5,6,7,8,10,11,12,14,15,16,18,20,21,25
Combinação 560: 1,2,5,6,7,8,9,12,13,15,18,19,22,24,25
Combinação 561: 1,4,5,6,7,8,9,11,12,13,15,18,21,22,25
Combinação 562: 1,2,5,6,7,11,12,13,15,17,18,21,22,23,25
Combinação 563: 1,4,5,6,7,10,11,12,13,15,16,18,20,21,25
Combinação 564: 1,2,4,5,6,7,12,13,15,18,20,21,22,23,25
Combinação 565: 1,4,5,6,8,9,10,12,13,14,15,18,19,21,25
Combinação 566: 1,2,3,5,6,7,8,10,12,14,15,18,19,21,25
Combinação 567: 1,4,5,6,7,8,11,12,13,14,15,18,19,20,25
Combinação 568: 1,2,5,6,7,8,12,13,14,15,18,21,22,23,25
Combinação 569: 1,5,6,8,9,11,12,13,14,15,16,17,18,22,25
Combinação 570: 1,2,3,4,5,6,8,9,12,15,18,19,20,21,25
Combinação 571: 1,4,5,6,7,9,11,12,15,16,18,20,21,23,25
Combinação 572: 1,2,3,4,5,6,9,10,11,12,13,15,18,24,25
Combinação 573: 1,2,3,4,5,6,7,12,15,18,20,21,22,23,25
Combinação 574: 1,2,3,4,5,6,7,8,12,14,15,16,18,24,25
Combinação 575: 1,3,4,5,6,10,12,13,15,18,19,20,21,24,25
Combinação 576: 1,3,4,5,6,8,10,12,14,15,17,18,19,21,25
Combinação 577: 1,2,4,5,6,7,9,11,12,13,15,18,19,22,25
Combinação 578: 1,2,3,5,6,9,10,11,12,15,18,19,21,22,25
Combinação 579: 1,4,5,6,9,10,12,13,14,15,18,21,22,23,25
Combinação 580: 1,4,5,6,9,12,15,18,19,20,21,22,23,24,25
Combinação 581: 1,2,4,5,6,7,11,12,13,15,18,19,21,23,25
Combinação 582: 1,2,5,6,8,10,11,12,15,17,18,19,22,24,25
Combinação 583: 1,2,4,5,6,8,12,13,15,17,18,20,21,22,25
Combinação 584: 1,3,4,5,6,7,9,11,12,13,15,18,19,21,25
Combinação 585: 1,2,4,5,6,8,10,11,12,14,15,18,21,24,25
Combinação 586: 1,4,5,6,8,9,11,12,14,15,16,18,20,23,25
Combinação 587: 1,2,3,4,5,6,10,11,12,15,18,19,20,22,25
Combinação 588: 1,2,3,5,6,11,12,14,15,17,18,19,22,23,25
Combinação 589: 1,2,4,5,6,7,8,11,12,13,15,18,19,22,25
Combinação 590: 1,2,5,6,7,8,12,14,15,16,17,18,19,24,25
Combinação 591: 1,2,4,5,6,7,11,12,13,14,15,18,21,22,25
Combinação 592: 1,2,3,5,6,11,12,14,15,17,18,19,21,22,25
Combinação 593: 1,4,5,6,7,8,10,12,14,15,18,21,23,24,25
Combinação 594: 1,2,5,6,7,10,12,13,15,17,18,19,22,23,25
Combinação 595: 1,3,5,6,7,12,13,14,15,17,18,19,21,24,25
Combinação 596: 1,4,5,6,7,9,11,12,13,15,18,19,21,22,25
Combinação 597: 1,5,6,10,11,12,15,17,18,19,21,22,23,24,25
Combinação 598: 1,2,5,6,7,8,11,12,13,15,16,18,21,22,25
Combinação 599: 1,2,4,5,6,8,10,12,13,15,18,19,21,22,25
Combinação 600: 1,4,5,6,8,9,11,12,13,14,15,17,18,21,25
Combinação 601: 1,3,4,5,6,7,12,14,15,17,18,19,20,23,25
Combinação 602: 1,5,6,7,8,10,11,12,15,18,19,21,23,24,25
Combinação 603: 1,2,3,4,5,6,8,12,13,15,18,19,21,23,25
Combinação 604: 1,2,4,5,6,7,8,12,13,14,15,18,20,23,25
Combinação 605: 1,2,3,5,6,8,9,11,12,13,15,17,18,21,25
Combinação 606: 1,2,4,5,6,7,10,11,12,13,14,15,18,19,25
Combinação 607: 1,3,4,5,6,7,8,10,11,12,14,15,18,19,25
Combinação 608: 1,2,4,5,6,7,11,12,15,17,18,19,20,22,25
Combinação 609: 1,2,5,6,10,11,12,14,15,18,19,21,22,23,25
Combinação 610: 1,2,5,6,7,9,10,11,12,13,15,18,19,22,25
Combinação 611: 1,2,5,6,9,11,12,13,14,15,16,18,19,23,25
Combinação 612: 1,2,4,5,6,12,13,14,15,18,19,21,22,24,25
Combinação 613: 1,3,5,6,7,10,11,12,15,16,18,19,23,24,25
Combinação 614: 1,4,5,6,9,10,12,14,15,18,20,21,22,24,25
Combinação 615: 1,2,4,5,6,7,11,12,15,16,17,18,22,23,25
Combinação 616: 1,2,4,5,6,7,8,11,12,15,17,18,19,21,25
Combinação 617: 1,5,6,7,8,12,13,15,17,18,19,20,21,22,25
Combinação 618: 1,4,5,6,7,10,12,13,14,15,18,19,21,23,25
Combinação 619: 1,2,5,6,7,9,11,12,13,14,15,18,19,21,25
Combinação 620: 1,5,6,7,10,12,13,14,15,16,17,18,19,23,25
Combinação 621: 1,3,4,5,6,7,9,10,11,12,14,15,18,21,25
Combinação 622: 1,2,4,5,6,7,8,11,12,14,15,18,19,23,25
Combinação 623: 1,2,4,5,6,8,9,12,15,18,19,20,22,23,25
Combinação 624: 1,2,5,6,7,10,12,13,14,15,18,19,21,22,25
Combinação 625: 1,5,6,9,10,11,12,15,18,19,21,22,23,24,25
Combinação 626: 1,2,3,5,6,8,9,12,14,15,17,18,19,22,25
Combinação 627: 1,4,5,6,7,8,9,12,15,18,19,21,22,23,25
Combinação 628: 1,2,3,4,5,6,8,11,12,15,16,18,21,23,25
Combinação 629: 1,2,4,5,6,7,9,10,11,12,15,18,19,21,25
Combinação 630: 1,3,4,5,6,11,12,15,17,18,19,21,23,24,25
Combinação 631: 1,2,5,6,8,10,11,12,13,14,15,18,19,21,25
Combinação 632: 1,2,5,6,7,9,10,11,12,15,18,19,21,23,25
Combinação 633: 1,2,3,5,6,7,11,12,13,14,15,18,19,23,25
Combinação 634: 1,4,5,6,8,10,11,12,14,15,18,19,22,23,25
Combinação 635: 1,2,5,6,7,8,9,10,11,12,13,15,18,21,25
Combinação 636: 1,2,5,6,7,10,11,12,13,15,18,22,23,24,25
Combinação 637: 1,2,3,4,5,6,9,11,12,13,15,16,18,20,25
Combinação 638: 1,2,5,6,7,8,11,12,13,15,17,18,19,21,25
Combinação 639: 1,2,4,5,6,12,13,14,15,18,20,21,23,24,25
Combinação 640: 1,2,5,6,7,11,12,13,14,15,18,21,22,23,25
Combinação 641: 1,5,6,7,8,9,12,13,14,15,18,19,21,22,25
Combinação 642: 1,2,3,5,6,8,11,12,13,14,15,18,19,22,25
Combinação 643: 1,4,5,6,7,9,12,14,15,18,19,21,22,23,25
Combinação 644: 1,2,5,6,9,10,11,12,13,14,15,18,19,21,25
Combinação 645: 1,2,4,5,6,7,8,9,10,11,12,13,15,18,25
Combinação 646: 1,2,4,5,6,7,8,9,12,13,15,18,19,24,25
Combinação 647: 1,3,5,6,11,12,14,15,17,18,19,21,22,23,25
Combinação 648: 1,2,3,5,6,9,12,14,15,18,19,22,23,24,25
Combinação 649: 1,2,3,4,5,6,8,10,11,12,13,15,18,19,25
Combinação 650: 1,2,4,5,6,7,11,12,14,15,16,18,19,23,25
Combinação 651: 1,2,4,5,6,7,12,14,15,18,19,21,22,23,25
Combinação 652: 1,2,4,5,6,7,9,10,11,12,13,15,18,21,25
Combinação 653: 1,4,5,6,8,11,12,15,16,17,18,19,22,24,25
Combinação 654: 1,2,4,5,6,7,8,10,12,13,15,18,21,22,25
Combinação 655: 1,2,5,6,7,9,12,13,14,15,18,19,22,23,25
Combinação 656: 1,2,4,5,6,8,10,11,12,13,14,15,18,19,25
Combinação 657: 1,4,5,6,7,8,12,13,14,15,17,18,19,21,25
Combinação 658: 1,2,3,5,6,7,12,14,15,16,18,19,20,21,25
Combinação 659: 1,2,4,5,6,12,14,15,18,19,20,22,23,24,25
Combinação 660: 1,4,5,6,8,9,10,12,13,15,18,21,22,24,25
Combinação 661: 1,2,5,6,7,8,9,12,14,15,17,18,19,21,25
Combinação 662: 1,3,4,5,6,11,12,13,14,15,16,18,19,21,25
Combinação 663: 1,2,3,5,6,10,11,12,13,15,16,18,22,24,25
Combinação 664: 1,2,3,4,5,6,7,10,11,12,14,15,18,24,25
Combinação 665: 1,2,3,4,5,6,7,12,15,17,18,19,21,23,25
Combinação 666: 1,4,5,6,7,8,9,12,13,14,15,18,19,22,25
Combinação 667: 1,4,5,6,10,11,12,13,15,16,17,18,22,24,25
Combinação 668: 1,5,6,8,10,11,12,14,15,17,18,19,22,23,25
Combinação 669: 1,2,5,6,8,9,12,13,14,15,17,18,19,24,25
Combinação 670: 1,2,4,5,6,8,9,12,13,15,16,18,19,23,25
Combinação 671: 1,2,3,5,6,7,9,12,15,18,20,21,23,24,25
Combinação 672: 1,4,5,6,8,10,11,12,14,15,18,19,23,24,25
Combinação 673: 1,2,4,5,6,12,13,14,15,18,19,21,22,23,25
Combinação 674: 1,3,5,6,7,9,11,12,13,14,15,18,19,21,25
Combinação 675: 1,4,5,6,7,9,10,11,12,14,15,18,21,22,25
Combinação 676: 1,4,5,6,7,9,10,12,14,15,16,17,18,23,25
Combinação 677: 1,3,4,5,6,8,10,12,14,15,18,19,21,22,25
Combinação 678: 1,2,3,5,6,7,10,12,13,14,15,18,20,21,25
Combinação 679: 1,2,3,4,5,6,9,11,12,15,18,19,21,23,25
Combinação 680: 1,2,4,5,6,8,9,12,13,15,18,19,20,24,25
Combinação 681: 1,2,5,6,8,10,11,12,14,15,16,18,20,23,25
Combinação 682: 1,4,5,6,7,8,10,11,12,14,15,18,19,23,25
Combinação 683: 1,2,3,4,5,6,8,12,13,14,15,18,21,24,25
Combinação 684: 1,2,4,5,6,10,11,12,13,15,16,18,20,22,25
Combinação 685: 1,2,4,5,6,9,10,11,12,15,18,19,22,23,25
Combinação 686: 1,4,5,6,7,8,11,12,13,15,18,19,20,21,25
Combinação 687: 1,2,4,5,6,7,10,12,15,18,19,20,21,23,25
Combinação 688: 1,5,6,8,9,11,12,14,15,16,18,19,21,22,25
Combinação 689: 1,4,5,6,7,8,9,11,12,14,15,18,20,23,25
Combinação 690: 1,4,5,6,7,8,9,12,13,14,15,18,20,23,25
Combinação 691: 1,2,3,5,6,8,10,11,12,14,15,17,18,22,25
Combinação 692: 1,3,4,5,6,10,12,14,15,18,19,21,22,24,25
Combinação 693: 1,2,5,6,8,9,11,12,14,15,18,19,20,24,25
Combinação 694: 1,2,3,4,5,6,7,9,11,12,15,18,19,24,25
Combinação 695: 1,2,3,4,5,6,7,11,12,13,14,15,17,18,25
Combinação 696: 1,2,5,6,7,9,11,12,14,15,18,19,22,23,25
Combinação 697: 1,4,5,6,7,8,11,12,13,15,17,18,19,21,25
Combinação 698: 1,2,3,4,5,6,7,10,12,13,15,18,19,23,25
Combinação 699: 1,2,4,5,6,7,9,12,14,15,17,18,19,22,25
Combinação 700: 1,3,4,5,6,9,12,13,14,15,18,19,20,23,25
Combinação 701: 1,2,3,4,5,6,11,12,13,14,15,18,22,23,25
Combinação 702: 1,2,5,6,8,9,10,11,12,15,18,20,22,23,25
Combinação 703: 1,2,4,5,6,11,12,14,15,17,18,19,20,23,25
Combinação 704: 1,5,6,7,8,9,11,12,13,15,18,20,22,23,25
Combinação 705: 1,4,5,6,7,8,9,10,12,15,17,18,19,20,25
Combinação 706: 1,2,5,6,8,11,12,13,14,15,18,19,21,22,25
Combinação 707: 1,2,5,6,9,10,11,12,13,15,16,18,19,24,25
Combinação 708: 1,2,5,6,7,8,10,12,14,15,18,19,21,22,25
Combinação 709: 1,2,4,5,6,8,12,14,15,17,18,19,21,23,25
Combinação 710: 1,3,4,5,6,9,11,12,13,15,18,19,21,22,25
Combinação 711: 1,2,3,5,6,10,11,12,14,15,16,18,19,21,25
Combinação 712: 1,5,6,7,10,11,12,13,14,15,18,19,20,22,25
Combinação 713: 1,3,4,5,6,9,10,11,12,13,15,17,18,19,25
Combinação 714: 1,2,5,6,8,10,12,14,15,17,18,20,22,24,25
Combinação 715: 1,3,4,5,6,7,10,12,15,18,19,20,21,23,25
Combinação 716: 1,2,4,5,6,10,11,12,13,14,15,18,19,22,25
Combinação 717: 1,2,3,4,5,6,11,12,14,15,17,18,19,23,25
Combinação 718: 1,5,6,7,9,11,12,14,15,16,18,19,20,22,25
Combinação 719: 1,2,5,6,7,8,11,12,13,15,18,19,20,22,25
Combinação 720: 1,2,3,4,5,6,7,12,15,18,19,21,22,24,25
Combinação 721: 1,4,5,6,7,8,10,12,13,14,15,16,18,22,25
Combinação 722: 1,2,5,6,7,9,11,12,13,14,15,18,19,23,25
Combinação 723: 1,4,5,6,7,9,11,12,14,15,18,19,22,24,25
Combinação 724: 1,2,3,4,5,6,7,8,12,13,15,18,19,21,25
Combinação 725: 1,3,4,5,6,8,11,12,13,14,15,18,20,22,25
Combinação 726: 1,2,4,5,6,7,8,12,14,15,18,19,20,21,25
Combinação 727: 1,4,5,6,7,12,13,14,15,18,20,21,22,23,25
Combinação 728: 1,2,5,6,7,12,13,14,15,16,18,19,21,22,25
Combinação 729: 1,2,4,5,6,8,11,12,14,15,18,19,22,24,25
Combinação 730: 1,2,4,5,6,10,11,12,13,15,17,18,19,24,25
Combinação 731: 1,2,4,5,6,8,11,12,15,17,18,19,21,22,25
Combinação 732: 1,2,3,4,5,6,11,12,13,14,15,18,20,22,25
Combinação 733: 1,2,5,6,7,8,10,11,12,15,18,19,21,23,25
Combinação 734: 1,3,5,6,8,9,11,12,14,15,16,18,23,24,25
Combinação 735: 1,4,5,6,7,8,10,12,13,15,16,17,18,19,25
Combinação 736: 1,2,5,6,7,10,11,12,13,15,18,19,21,22,25
Combinação 737: 1,2,4,5,6,7,10,11,12,13,15,18,19,22,25
Combinação 738: 1,4,5,6,7,8,9,11,12,13,14,15,18,19,25
Combinação 739: 1,2,5,6,7,8,11,12,13,14,15,18,21,22,25
Combinação 740: 1,2,5,6,7,9,10,11,12,15,18,19,21,24,25
Combinação 741: 1,5,6,7,8,10,12,14,15,17,18,19,21,22,25
Combinação 742: 1,2,3,5,6,8,9,12,13,14,15,18,19,24,25
Combinação 743: 1,2,4,5,6,8,9,12,14,15,18,20,22,24,25
Combinação 744: 1,2,4,5,6,8,11,12,14,15,18,19,20,21,25
Combinação 745: 1,2,4,5,6,8,11,12,13,14,15,18,19,23,25
Combinação 746: 1,2,4,5,6,7,8,11,12,15,17,18,22,24,25
Combinação 747: 1,4,5,6,7,10,12,13,14,15,17,18,22,23,25
Combinação 748: 1,2,3,4,5,6,7,9,12,15,17,18,19,22,25
Combinação 749: 1,4,5,6,7,8,11,12,13,14,15,18,19,22,25
Combinação 750: 1,2,5,6,7,10,12,13,15,18,19,21,22,23,25
Combinação 751: 1,4,5,6,7,12,13,14,15,18,19,20,22,24,25
Combinação 752: 1,4,5,6,7,8,10,11,12,15,18,19,22,24,25
Combinação 753: 1,3,4,5,6,7,11,12,13,15,16,18,19,20,25
Combinação 754: 1,2,3,5,6,9,12,13,15,18,19,20,21,23,25
Combinação 755: 1,4,5,6,7,10,11,12,13,15,16,18,19,24,25
Combinação 756: 1,2,3,4,5,6,8,11,12,14,15,16,18,19,25
Combinação 757: 1,2,4,5,6,7,8,10,11,12,13,15,18,19,25
Combinação 758: 1,2,5,6,9,10,11,12,15,16,18,19,21,23,25
Combinação 759: 1,2,3,5,6,11,12,14,15,16,18,19,20,21,25
Combinação 760: 1,3,5,6,7,8,10,11,12,14,15,18,20,22,25
Combinação 761: 1,3,5,6,9,11,12,13,15,17,18,19,21,22,25
Combinação 762: 1,2,4,5,6,11,12,13,14,15,17,18,19,24,25
Combinação 763: 1,2,4,5,6,7,8,10,11,12,15,18,21,22,25
Combinação 764: 1,2,5,6,7,8,9,12,14,15,18,21,23,24,25
Combinação 765: 1,5,6,9,10,11,12,14,15,18,19,21,22,23,25
Combinação 766: 1,2,4,5,6,7,9,12,13,15,18,19,21,23,25
Combinação 767: 1,3,4,5,6,7,9,12,13,15,18,19,21,23,25
Combinação 768: 1,2,3,4,5,6,9,12,14,15,17,18,19,22,25
Combinação 769: 1,4,5,6,7,8,9,12,13,14,15,16,17,18,25
Combinação 770: 1,4,5,6,8,9,11,12,13,15,17,18,19,20,25
Combinação 771: 1,2,3,4,5,6,10,12,13,15,18,20,21,23,25
Combinação 772: 1,4,5,6,8,9,10,11,12,14,15,17,18,23,25
Combinação 773: 1,2,4,5,6,7,8,9,10,12,13,15,16,18,25
Combinação 774: 1,2,4,5,6,9,11,12,13,15,18,19,20,22,25
Combinação 775: 1,5,6,8,9,10,11,12,13,15,18,19,21,24,25
Combinação 776: 1,2,5,6,7,8,9,10,12,14,15,16,18,22,25
Combinação 777: 1,2,5,6,7,9,11,12,14,15,16,17,18,23,25
Combinação 778: 1,4,5,6,7,8,10,12,13,14,15,16,18,19,25
Combinação 779: 1,3,4,5,6,8,11,12,13,14,15,18,19,23,25
Combinação 780: 1,5,6,7,8,11,12,14,15,18,19,20,22,24,25
Combinação 781: 1,2,5,6,7,9,10,12,13,14,15,18,19,21,25
Combinação 782: 1,3,5,6,7,8,9,12,13,15,17,18,20,22,25
Combinação 783: 1,2,5,6,9,11,12,14,15,18,19,20,21,22,25
Combinação 784: 1,2,3,4,5,6,8,12,13,15,18,19,20,24,25
Combinação 785: 1,4,5,6,8,9,10,12,15,18,19,21,23,24,25
Combinação 786: 1,4,5,6,9,12,13,14,15,16,18,19,20,21,25
Combinação 787: 1,4,5,6,8,10,11,12,13,15,17,18,19,20,25
Combinação 788: 1,3,4,5,6,9,11,12,15,18,19,21,23,24,25
Combinação 789: 1,2,4,5,6,8,9,11,12,15,18,21,22,24,25
Combinação 790: 1,4,5,6,9,10,12,13,15,17,18,19,21,22,25
Combinação 791: 1,2,4,5,6,9,11,12,15,16,18,19,21,23,25
Combinação 792: 1,2,5,6,7,8,10,12,13,15,18,19,20,21,25
Combinação 793: 1,2,4,5,6,9,11,12,13,15,18,19,21,23,25
Combinação 794: 1,2,4,5,6,8,9,11,12,15,16,18,20,21,25
Combinação 795: 1,2,5,6,7,8,9,11,12,13,15,18,19,22,25
Combinação 796: 1,4,5,6,7,8,11,12,13,14,15,18,22,23,25
Combinação 797: 1,2,5,6,7,10,12,13,15,16,18,19,20,21,25
Combinação 798: 1,2,3,4,5,6,10,12,15,18,19,21,23,24,25
Combinação 799: 1,2,3,4,5,6,8,9,11,12,14,15,18,22,25
Combinação 800: 1,2,5,6,7,8,11,12,13,15,16,17,18,22,25
Combinação 801: 1,2,4,5,6,8,11,12,13,15,17,18,19,21,25
Combinação 802: 1,2,4,5,6,8,12,14,15,18,19,22,23,24,25
Combinação 803: 1,5,6,7,9,10,11,12,15,18,19,21,22,23,25
Combinação 804: 1,3,4,5,6,8,12,15,16,18,19,20,21,22,25
Combinação 805: 1,3,4,5,6,8,12,14,15,16,18,19,21,22,25
Combinação 806: 1,3,4,5,6,7,9,12,15,16,18,19,21,22,25
Combinação 807: 1,4,5,6,9,11,12,13,15,16,17,18,19,20,25
Combinação 808: 1,3,4,5,6,7,10,12,14,15,18,19,21,22,25
Combinação 809: 1,2,4,5,6,8,9,10,12,15,18,19,20,21,25
Combinação 810: 1,3,5,6,9,11,12,13,14,15,16,18,20,22,25
Combinação 811: 1,3,4,5,6,7,9,11,12,14,15,18,20,21,25
Combinação 812: 1,2,4,5,6,9,12,14,15,18,19,21,23,24,25
Combinação 813: 1,4,5,6,7,9,11,12,13,14,15,18,20,22,25
Combinação 814: 1,2,4,5,6,7,8,10,12,13,15,17,18,22,25
Combinação 815: 1,4,5,6,7,8,10,12,15,16,17,18,19,21,25
Combinação 816: 1,3,5,6,7,10,12,13,15,18,19,21,22,24,25
Combinação 817: 1,2,3,5,6,8,11,12,15,16,17,18,19,21,25
Combinação 818: 1,2,4,5,6,9,10,11,12,15,18,19,20,22,25
Combinação 819: 1,2,5,6,11,12,13,14,15,18,20,22,23,24,25
Combinação 820: 1,2,4,5,6,8,9,10,11,12,15,18,19,21,25
Combinação 821: 1,5,6,7,10,12,14,15,16,18,19,21,22,23,25
Combinação 822: 1,2,4,5,6,7,8,9,12,14,15,18,19,22,25
Combinação 823: 1,2,4,5,6,7,9,10,12,15,18,19,23,24,25
Combinação 824: 1,2,4,5,6,7,12,13,15,16,18,21,22,24,25
Combinação 825: 1,3,4,5,6,9,10,12,13,14,15,18,20,21,25
Combinação 826: 1,4,5,6,7,9,11,12,15,18,19,21,22,24,25
Combinação 827: 1,4,5,6,7,8,10,11,12,15,16,18,19,24,25
Combinação 828: 1,2,4,5,6,8,9,11,12,14,15,18,20,22,25
Combinação 829: 1,2,4,5,6,7,11,12,13,15,18,19,22,24,25
Combinação 830: 1,2,3,5,6,9,10,12,13,14,15,18,20,23,25
Combinação 831: 1,3,5,6,8,9,11,12,15,16,18,19,22,24,25
Combinação 832: 1,2,4,5,6,9,11,12,14,15,18,21,22,23,25
Combinação 833: 1,5,6,7,10,11,12,13,14,15,18,20,22,23,25
Combinação 834: 1,5,6,7,8,11,12,13,15,17,18,19,23,24,25
Combinação 835: 1,2,4,5,6,11,12,13,14,15,16,18,21,22,25
Combinação 836: 1,2,5,6,9,10,12,13,15,18,19,20,21,22,25
Combinação 837: 1,3,5,6,7,8,9,11,12,13,15,18,23,24,25
Combinação 838: 1,2,5,6,7,8,9,12,14,15,18,19,20,24,25
Combinação 839: 1,2,3,4,5,6,9,10,11,12,15,18,21,24,25
Combinação 840: 1,2,4,5,6,8,9,12,13,15,18,19,21,22,25
Combinação 841: 1,3,5,6,7,8,12,13,14,15,17,18,19,22,25
Combinação 842: 1,3,4,5,6,7,10,12,13,15,18,19,21,22,25
Combinação 843: 1,3,4,5,6,8,10,11,12,13,15,18,19,22,25
Combinação 844: 1,2,4,5,6,8,9,11,12,14,15,18,20,23,25
Combinação 845: 1,2,5,6,8,10,12,14,15,18,19,20,22,24,25
Combinação 846: 1,2,5,6,8,9,10,11,12,14,15,18,19,23,25
Combinação 847: 1,5,6,7,11,12,14,15,16,17,18,22,23,24,25
Combinação 848: 1,4,5,6,10,11,12,13,14,15,18,19,21,24,25
Combinação 849: 1,3,4,5,6,7,8,10,12,15,18,19,21,22,25
Combinação 850: 1,2,3,5,6,7,8,9,12,13,15,18,19,24,25
Combinação 851: 1,2,4,5,6,8,11,12,15,18,19,21,22,24,25
Combinação 852: 1,2,3,5,6,7,8,10,12,13,15,18,19,22,25
Combinação 853: 1,4,5,6,7,9,10,11,12,13,14,15,16,18,25
Combinação 854: 1,3,4,5,6,7,12,14,15,18,19,21,22,23,25
Combinação 855: 1,2,4,5,6,10,12,13,14,15,18,19,21,23,25
Combinação 856: 1,3,4,5,6,7,10,11,12,14,15,18,19,20,25
Combinação 857: 1,2,3,4,5,6,8,10,11,12,13,14,15,18,25
Combinação 858: 1,2,4,5,6,7,9,12,15,18,19,20,21,24,25
Combinação 859: 1,2,4,5,6,8,10,11,12,15,18,21,22,24,25
Combinação 860: 1,2,3,5,6,7,8,10,12,13,15,17,18,21,25
Combinação 861: 1,2,5,6,7,8,9,11,12,13,15,18,21,22,25
Combinação 862: 1,2,4,5,6,7,10,11,12,13,15,18,23,24,25
Combinação 863: 1,3,4,5,6,7,10,11,12,15,17,18,19,21,25
Combinação 864: 1,2,4,5,6,7,8,9,11,12,15,18,19,20,25
Combinação 865: 1,3,4,5,6,11,12,15,17,18,19,20,21,22,25
Combinação 866: 1,3,4,5,6,8,12,15,16,18,19,21,22,23,25
Combinação 867: 1,4,5,6,7,10,11,12,15,17,18,19,21,23,25
Combinação 868: 1,5,6,7,9,10,12,13,14,15,18,19,21,24,25
Combinação 869: 1,3,4,5,6,10,12,13,14,15,18,19,21,23,25
Combinação 870: 1,5,6,7,11,12,13,14,15,16,17,18,21,22,25
Combinação 871: 1,2,5,6,8,9,10,11,12,13,15,17,18,19,25
Combinação 872: 1,2,3,4,5,6,9,12,14,15,18,19,22,24,25
Combinação 873: 1,4,5,6,8,9,11,12,14,15,17,18,19,22,25
Combinação 874: 1,2,3,4,5,6,7,10,11,12,13,15,16,18,25
Combinação 875: 1,4,5,6,10,11,12,13,14,15,18,19,22,24,25
Combinação 876: 1,2,3,5,6,8,9,12,14,15,18,19,23,24,25
Combinação 877: 1,3,4,5,6,12,13,14,15,16,17,18,19,21,25
Combinação 878: 1,2,3,4,5,6,7,8,9,12,15,18,19,22,25
Combinação 879: 1,3,4,5,6,7,12,15,18,19,20,21,22,24,25
Combinação 880: 1,4,5,6,7,8,10,11,12,15,18,19,21,23,25
Combinação 881: 1,5,6,8,11,12,15,16,17,18,19,21,22,24,25
Combinação 882: 1,2,5,6,8,10,11,12,13,15,18,19,21,24,25
Combinação 883: 1,5,6,8,9,11,12,14,15,18,19,20,21,23,25
Combinação 884: 1,4,5,6,8,11,12,13,14,15,17,18,19,22,25
Combinação 885: 1,4,5,6,11,12,13,14,15,18,19,22,23,24,25
Combinação 886: 1,2,4,5,6,7,11,12,14,15,16,18,19,22,25
Combinação 887: 1,2,5,6,8,10,12,13,15,17,18,19,20,24,25
Combinação 888: 1,2,5,6,7,8,12,13,15,17,18,19,20,24,25
Combinação 889: 1,5,6,7,8,10,11,12,13,14,15,18,19,22,25
Combinação 890: 1,3,5,6,7,9,12,13,14,15,18,19,21,23,25
Combinação 891: 1,2,4,5,6,7,8,12,14,15,18,19,22,24,25
Combinação 892: 1,5,6,7,8,9,10,12,13,15,18,19,22,23,25
Combinação 893: 1,4,5,6,8,10,11,12,14,15,17,18,21,23,25
Combinação 894: 1,4,5,6,10,11,12,13,14,15,18,19,21,23,25
Combinação 895: 1,4,5,6,9,10,11,12,13,15,18,20,22,24,25
Combinação 896: 1,5,6,7,10,11,12,13,15,17,18,19,21,22,25
Combinação 897: 1,5,6,7,8,9,10,11,12,14,15,18,19,21,25
Combinação 898: 1,2,4,5,6,7,8,9,10,12,15,18,19,20,25
Combinação 899: 1,2,3,5,6,8,9,10,12,13,14,15,18,19,25
Combinação 900: 1,2,3,4,5,6,7,11,12,13,15,18,19,22,25
Combinação 901: 1,3,4,5,6,7,12,13,15,16,18,19,21,22,25
Combinação 902: 1,2,3,4,5,6,9,12,13,14,15,18,19,22,25
Combinação 903: 1,2,5,6,8,9,10,12,13,15,18,19,20,24,25
Combinação 904: 1,2,3,5,6,9,10,11,12,14,15,18,21,22,25
Combinação 905: 1,2,5,6,7,10,12,15,17,18,19,20,22,23,25
Combinação 906: 1,3,5,6,9,12,15,17,18,19,20,21,22,24,25
Combinação 907: 1,2,3,4,5,6,7,9,11,12,15,18,19,21,25
Combinação 908: 1,2,4,5,6,11,12,14,15,16,18,21,22,24,25
Combinação 909: 1,2,5,6,8,11,12,13,14,15,17,18,21,22,25
Combinação 910: 1,3,4,5,6,8,10,12,14,15,18,19,21,24,25
Combinação 911: 1,2,5,6,8,9,11,12,13,15,18,19,21,22,25
Combinação 912: 1,2,5,6,7,8,12,15,16,18,19,20,21,22,25
Combinação 913: 1,2,4,5,6,9,10,11,12,15,18,21,22,24,25
Combinação 914: 1,2,3,4,5,6,7,8,10,12,15,17,18,22,25
Combinação 915: 1,3,4,5,6,7,9,12,15,17,18,19,20,21,25
Combinação 916: 1,2,4,5,6,11,12,13,15,18,19,21,22,24,25
Combinação 917: 1,2,4,5,6,8,11,12,15,16,17,18,19,20,25
Combinação 918: 1,5,6,7,8,9,11,12,13,15,16,18,21,22,25
Combinação 919: 1,2,3,5,6,11,12,13,14,15,17,18,19,21,25
Combinação 920: 1,2,3,5,6,8,11,12,13,15,18,19,21,23,25
Combinação 921: 1,3,4,5,6,7,12,13,14,15,18,19,21,23,25
Combinação 922: 1,2,5,6,7,9,11,12,13,15,18,21,22,24,25
Combinação 923: 1,4,5,6,7,8,12,13,14,15,18,20,21,23,25
Combinação 924: 1,3,4,5,6,10,11,12,14,15,16,18,21,24,25
Combinação 925: 1,2,5,6,10,11,12,13,14,15,18,19,22,24,25
Combinação 926: 1,2,3,4,5,6,9,10,12,14,15,18,21,22,25
Combinação 927: 1,3,5,6,7,9,12,14,15,17,18,21,22,24,25
Combinação 928: 1,5,6,8,10,11,12,14,15,18,19,21,22,23,25
Combinação 929: 1,2,5,6,7,8,9,12,13,14,15,18,21,23,25
Combinação 930: 1,4,5,6,7,8,10,12,13,14,15,16,18,20,25
Combinação 931: 1,2,3,4,5,6,7,10,11,12,15,18,19,24,25
Combinação 932: 1,2,4,5,6,9,10,12,13,15,18,19,22,23,25
Combinação 933: 1,2,4,5,6,7,8,11,12,13,14,15,18,21,25
Combinação 934: 1,4,5,6,7,10,12,13,14,15,18,19,20,22,25
Combinação 935: 1,4,5,6,8,10,11,12,14,15,18,19,21,24,25
Combinação 936: 1,2,4,5,6,7,9,11,12,15,18,19,21,22,25
Combinação 937: 1,2,4,5,6,7,12,15,16,18,19,20,21,22,25
Combinação 938: 1,2,4,5,6,8,12,15,16,18,20,21,23,24,25
Combinação 939: 1,2,3,4,5,6,9,12,15,18,19,20,21,24,25
Combinação 940: 1,2,3,4,5,6,9,12,13,15,17,18,21,22,25
Combinação 941: 1,2,3,4,5,6,8,10,12,13,15,18,19,21,25
Combinação 942: 1,4,5,6,7,11,12,13,14,15,18,19,21,23,25
Combinação 943: 1,2,3,4,5,6,7,9,10,12,15,18,19,22,25
Combinação 944: 1,3,5,6,9,10,11,12,13,15,18,19,21,22,25
Combinação 945: 1,2,5,6,10,12,14,15,16,18,19,21,22,23,25
Combinação 946: 1,4,5,6,8,11,12,13,15,18,19,21,23,24,25
Combinação 947: 1,3,5,6,11,12,14,15,16,17,18,19,21,23,25
Combinação 948: 1,5,6,7,8,9,11,12,13,15,16,18,19,21,25
Combinação 949: 1,2,4,5,6,9,10,11,12,13,14,15,18,21,25
Combinação 950: 1,5,6,7,8,11,12,13,14,15,18,19,21,23,25
Combinação 951: 1,2,5,6,7,10,12,15,16,18,19,22,23,24,25
Combinação 952: 1,2,3,5,6,11,12,13,15,16,18,19,21,22,25
Combinação 953: 1,2,5,6,7,10,12,13,14,15,18,19,21,23,25
Combinação 954: 1,2,4,5,6,7,8,9,12,14,15,18,19,20,25
Combinação 955: 1,4,5,6,7,8,9,12,14,15,17,18,19,21,25
Combinação 956: 1,2,4,5,6,7,8,12,14,15,18,19,21,23,25
Combinação 957: 1,2,5,6,11,12,13,14,15,16,18,19,21,22,25
Combinação 958: 1,4,5,6,8,10,11,12,14,15,16,18,22,23,25
Combinação 959: 1,3,5,6,7,8,10,11,12,15,17,18,19,21,25
Combinação 960: 1,2,4,5,6,11,12,15,17,18,19,21,22,23,25
Combinação 961: 1,4,5,6,9,11,12,13,14,15,16,18,19,22,25
Combinação 962: 1,2,4,5,6,7,9,10,11,12,13,14,15,18,25
Combinação 963: 1,4,5,6,8,9,12,13,15,16,18,21,22,24,25
Combinação 964: 1,4,5,6,7,10,12,14,15,16,17,18,19,21,25
Combinação 965: 1,2,4,5,6,8,12,13,15,16,17,18,19,22,25
Combinação 966: 1,3,4,5,6,10,11,12,13,14,15,18,20,23,25
Combinação 967: 1,2,4,5,6,8,10,11,12,14,15,18,19,21,25
Combinação 968: 1,2,3,4,5,6,9,12,13,14,15,16,18,22,25
Combinação 969: 1,3,4,5,6,7,11,12,14,15,17,18,22,23,25
Combinação 970: 1,2,3,4,5,6,8,11,12,15,18,20,21,22,25
Combinação 971: 1,3,5,6,7,10,11,12,13,14,15,17,18,19,25
Combinação 972: 1,2,4,5,6,10,11,12,13,14,15,18,20,24,25
Combinação 973: 1,2,4,5,6,8,9,12,14,15,18,19,21,22,25
Combinação 974: 1,5,6,8,9,10,11,12,15,17,18,19,21,22,25
Combinação 975: 1,2,3,5,6,7,11,12,14,15,18,20,21,22,25
Combinação 976: 1,4,5,6,7,9,11,12,15,18,19,21,22,23,25
Combinação 977: 1,2,4,5,6,8,11,12,15,18,20,21,22,23,25
Combinação 978: 1,3,4,5,6,7,8,9,11,12,13,15,18,19,25
Combinação 979: 1,2,3,4,5,6,9,10,11,12,15,18,20,22,25
Combinação 980: 1,4,5,6,7,12,13,14,15,18,19,21,22,24,25
Combinação 981: 1,4,5,6,7,8,10,12,15,16,18,19,22,23,25
Combinação 982: 1,4,5,6,7,11,12,15,18,19,21,22,23,24,25
Combinação 983: 1,2,5,6,7,8,9,10,12,14,15,18,19,20,25
Combinação 984: 1,3,4,5,6,7,9,10,11,12,14,15,18,19,25
Combinação 985: 1,4,5,6,9,10,12,14,15,18,19,21,22,24,25
Combinação 986: 1,3,4,5,6,8,11,12,13,15,18,19,22,23,25
Combinação 987: 1,4,5,6,7,8,11,12,13,15,18,19,21,23,25
Combinação 988: 1,2,4,5,6,9,11,12,13,14,15,18,19,22,25
Combinação 989: 1,2,5,6,7,11,12,15,16,17,18,19,21,22,25
Combinação 990: 1,2,4,5,6,7,10,11,12,15,18,19,21,22,25
Combinação 991: 1,2,4,5,6,7,12,15,16,17,18,19,23,24,25
Combinação 992: 1,3,4,5,6,7,9,11,12,15,18,19,21,24,25
Combinação 993: 1,4,5,6,9,10,12,15,18,19,20,21,22,23,25
Combinação 994: 1,4,5,6,9,10,11,12,13,15,18,19,21,23,25
Combinação 995: 1,2,4,5,6,7,9,12,15,18,19,21,23,24,25
Combinação 996: 1,2,3,4,5,6,10,12,14,15,18,19,21,23,25
Combinação 997: 1,2,4,5,6,10,11,12,13,14,15,18,20,21,25
Combinação 998: 1,5,6,7,11,12,13,15,18,19,21,22,23,24,25
Combinação 999: 1,2,4,5,6,9,11,12,14,15,18,19,20,21,25
Combinação 1000: 1,2,4,5,6,8,9,11,12,15,18,20,21,22,25
