# Combinações base - dinamico
# Gerado em: 20/08/2025 17:27:04
# Total: 100 combinações

Combinação 1: 1,2,3,4,5,6,11,13,14,16,17,18,19,21,25
Combinação 2: 1,2,3,5,6,10,12,13,15,17,18,19,21,23,25
Combinação 3: 1,2,3,4,5,6,8,9,13,15,18,19,21,22,25
Combinação 4: 1,2,3,5,6,7,11,12,13,14,16,18,19,21,23
Combinação 5: 1,2,3,4,5,6,7,9,13,18,19,20,22,23,25
Combinação 6: 1,2,3,5,7,8,12,13,14,16,18,19,21,24,25
Combinação 7: 1,2,3,5,6,7,8,11,13,14,15,18,19,21,25
Combinação 8: 1,2,3,4,5,9,10,11,13,18,19,21,23,24,25
Combinação 9: 1,2,3,4,5,6,7,8,9,14,15,18,19,21,25
Combinação 10: 1,2,3,4,5,6,9,14,15,16,18,19,20,21,25
Combinação 11: 1,2,3,5,6,7,8,10,11,16,17,18,19,22,24
Combinação 12: 1,2,3,4,5,6,11,12,13,17,18,19,21,23,25
Combinação 13: 1,2,3,5,6,7,8,9,12,15,18,19,23,24,25
Combinação 14: 1,2,3,5,7,9,11,15,18,19,20,21,22,23,25
Combinação 15: 1,2,3,5,6,9,10,13,15,16,18,19,21,22,23
Combinação 16: 1,2,3,4,5,6,12,13,15,17,18,19,20,21,25
Combinação 17: 1,2,3,4,5,9,10,12,14,15,18,19,21,22,25
Combinação 18: 1,2,3,5,6,9,11,15,16,17,18,19,20,22,25
Combinação 19: 1,2,3,4,5,6,9,12,13,14,18,19,21,23,25
Combinação 20: 1,2,3,5,6,8,9,12,14,16,17,18,19,24,25
Combinação 21: 1,2,3,5,6,9,10,12,17,18,19,21,22,23,25
Combinação 22: 1,2,3,5,6,7,8,9,12,14,18,19,21,22,23
Combinação 23: 1,2,3,4,5,6,9,14,15,17,18,19,20,21,22
Combinação 24: 1,2,3,4,5,9,10,11,14,18,19,20,23,24,25
Combinação 25: 1,2,3,5,11,13,15,16,17,18,19,20,21,23,25
Combinação 26: 1,2,3,5,9,10,11,14,15,17,18,19,20,23,25
Combinação 27: 1,2,3,5,6,7,13,14,15,17,18,19,22,23,25
Combinação 28: 1,2,3,5,6,8,11,18,19,20,21,22,23,24,25
Combinação 29: 1,2,3,5,6,8,12,13,14,16,18,19,23,24,25
Combinação 30: 1,2,3,5,6,8,13,14,15,18,19,20,22,23,25
Combinação 31: 1,2,3,5,8,9,11,12,13,18,19,20,21,22,25
Combinação 32: 1,2,3,5,8,9,10,11,13,15,18,19,21,23,25
Combinação 33: 1,2,3,4,5,7,9,13,14,15,18,19,21,22,25
Combinação 34: 1,2,3,4,5,6,7,9,12,13,15,18,19,21,22
Combinação 35: 1,2,3,5,12,14,15,17,18,19,20,21,22,23,25
Combinação 36: 1,2,3,5,6,8,9,12,14,17,18,19,21,22,25
Combinação 37: 1,2,3,5,7,9,11,12,17,18,19,21,23,24,25
Combinação 38: 1,2,3,4,5,6,7,10,13,14,17,18,19,23,25
Combinação 39: 1,2,3,5,6,8,11,15,17,18,19,20,21,22,24
Combinação 40: 1,2,3,4,5,6,7,9,12,14,18,19,21,23,25
Combinação 41: 1,2,3,4,5,6,8,9,12,14,18,19,22,24,25
Combinação 42: 1,2,3,4,5,7,9,12,15,17,18,19,23,24,25
Combinação 43: 1,2,3,5,6,7,8,9,13,16,18,19,21,23,25
Combinação 44: 1,2,3,4,5,6,9,17,18,19,20,22,23,24,25
Combinação 45: 1,2,3,5,6,13,14,18,19,20,21,22,23,24,25
Combinação 46: 1,2,3,5,6,9,11,13,14,16,18,19,20,21,23
Combinação 47: 1,2,3,5,6,9,12,13,18,19,20,21,23,24,25
Combinação 48: 1,2,3,5,6,11,12,13,15,18,19,21,23,24,25
Combinação 49: 1,2,3,5,6,7,8,10,12,17,18,19,20,21,23
Combinação 50: 1,2,3,4,5,6,8,9,18,19,20,22,23,24,25
Combinação 51: 1,2,3,5,6,7,8,12,15,18,19,21,22,23,25
Combinação 52: 1,2,3,4,5,6,8,15,17,18,19,20,23,24,25
Combinação 53: 1,2,3,5,6,12,13,15,16,18,19,20,21,22,25
Combinação 54: 1,2,3,5,9,12,13,14,17,18,19,21,23,24,25
Combinação 55: 1,2,3,5,6,7,9,10,11,14,18,19,21,22,24
Combinação 56: 1,2,3,5,6,9,14,15,17,18,19,20,21,23,25
Combinação 57: 1,2,3,4,5,7,9,11,16,17,18,19,20,21,23
Combinação 58: 1,2,3,5,6,7,9,16,17,18,19,20,21,23,25
Combinação 59: 1,2,3,4,5,12,15,17,18,19,20,21,22,24,25
Combinação 60: 1,2,3,5,8,9,10,12,13,14,18,19,20,23,25
Combinação 61: 1,2,3,5,6,9,10,12,15,17,18,19,20,21,25
Combinação 62: 1,2,3,5,6,7,10,11,15,18,19,20,22,23,25
Combinação 63: 1,2,3,5,6,8,12,13,16,18,19,21,23,24,25
Combinação 64: 1,2,3,5,6,9,10,12,13,16,17,18,19,22,23
Combinação 65: 1,2,3,4,5,6,8,10,17,18,19,20,22,24,25
Combinação 66: 1,2,3,4,5,6,9,11,15,16,17,18,19,23,25
Combinação 67: 1,2,3,5,6,7,8,9,11,13,18,19,21,23,25
Combinação 68: 1,2,3,5,6,8,10,11,14,18,19,20,21,23,24
Combinação 69: 1,2,3,5,6,9,13,15,16,17,18,19,21,23,25
Combinação 70: 1,2,3,5,7,9,10,13,14,18,19,21,23,24,25
Combinação 71: 1,2,3,5,6,9,10,12,14,16,17,18,19,21,25
Combinação 72: 1,2,3,4,5,8,9,10,13,18,19,20,21,24,25
Combinação 73: 1,2,3,5,6,9,11,12,13,16,18,19,21,23,25
Combinação 74: 1,2,3,4,5,6,7,8,9,14,16,18,19,23,25
Combinação 75: 1,2,3,5,10,11,12,13,16,18,19,20,21,22,23
Combinação 76: 1,2,3,5,6,8,9,12,15,17,18,19,21,22,25
Combinação 77: 1,2,3,4,5,7,11,13,17,18,19,21,23,24,25
Combinação 78: 1,2,3,4,5,6,9,12,18,19,21,22,23,24,25
Combinação 79: 1,2,3,5,6,9,11,13,14,16,17,18,19,21,25
Combinação 80: 1,2,3,5,6,8,9,11,13,15,17,18,19,24,25
Combinação 81: 1,2,3,5,6,10,12,15,18,19,21,22,23,24,25
Combinação 82: 1,2,3,4,5,6,9,12,13,17,18,19,20,21,25
Combinação 83: 1,2,3,4,5,7,8,9,10,12,13,18,19,24,25
Combinação 84: 1,2,3,5,6,9,13,15,16,18,19,20,21,24,25
Combinação 85: 1,2,3,4,5,7,8,9,12,18,19,21,23,24,25
Combinação 86: 1,2,3,5,6,7,8,9,10,14,18,19,21,23,25
Combinação 87: 1,2,3,5,6,7,8,9,12,13,14,18,19,23,25
Combinação 88: 1,2,3,5,7,8,13,14,15,16,18,19,22,23,25
Combinação 89: 1,2,3,5,6,9,11,14,15,17,18,19,20,22,23
Combinação 90: 1,2,3,4,5,6,7,9,13,16,18,19,21,24,25
Combinação 91: 1,2,3,4,5,7,9,10,11,13,18,19,20,21,23
Combinação 92: 1,2,3,5,6,9,11,12,16,18,19,20,22,23,24
Combinação 93: 1,2,3,4,5,6,10,14,16,17,18,19,21,22,23
Combinação 94: 1,2,3,5,8,9,12,16,17,18,19,21,22,23,25
Combinação 95: 1,2,3,5,6,9,10,12,14,18,19,21,22,23,25
Combinação 96: 1,2,3,4,5,6,7,11,13,14,18,19,21,23,25
Combinação 97: 1,2,3,5,6,7,9,10,11,14,15,18,19,21,25
Combinação 98: 1,2,3,4,5,7,9,12,13,14,18,19,20,23,25
Combinação 99: 1,2,3,4,5,6,9,10,12,13,16,18,19,20,21
Combinação 100: 1,2,3,4,5,6,7,9,13,18,19,20,21,23,25
