01 02 03 04 06 07 11 15 16 17 19 20 21 23 24
01 02 03 04 06 07 11 14 15 17 19 20 21 23 24
01 02 03 04 06 07 09 14 16 17 19 20 21 23 24
01 02 03 04 06 07 10 14 16 17 19 20 21 23 24
01 02 03 04 06 07 11 14 15 17 19 20 21 22 23
01 02 03 04 06 07 10 15 16 17 19 20 21 23 24
01 02 03 04 06 07 11 14 15 16 19 20 21 23 24
01 02 03 04 06 07 10 13 16 17 19 20 21 23 24
01 02 03 04 06 07 11 14 16 17 19 20 21 22 23
01 02 03 04 06 07 11 13 16 17 19 20 21 23 24
01 02 03 04 06 07 11 15 16 17 19 20 22 23 24
01 02 03 04 06 07 11 14 16 17 19 20 21 23 24
01 02 03 04 06 07 10 14 15 17 19 20 21 23 24
01 02 03 04 06 07 11 14 15 16 19 20 22 23 24
01 02 03 04 06 07 11 14 15 16 18 20 21 23 24
01 02 03 04 06 07 11 14 15 16 19 21 22 23 24
01 02 03 04 06 07 10 13 15 17 19 20 21 23 24
01 02 03 04 06 07 11 13 15 16 19 20 21 23 24
01 02 03 04 06 07 11 14 15 18 19 20 21 23 24
01 02 03 04 06 07 11 14 15 17 19 20 22 23 24
01 02 03 04 06 07 09 14 15 16 19 21 22 23 24
01 02 03 04 06 07 11 14 16 17 18 20 21 22 23
01 02 03 04 06 07 11 14 15 17 19 20 21 22 24
01 02 03 04 06 07 10 14 16 17 19 20 22 23 24
01 02 03 04 06 07 09 11 15 19 20 21 22 23 24
01 02 03 04 06 07 09 14 16 17 20 21 22 23 24
01 02 03 04 06 07 11 14 15 16 17 20 22 23 24
01 02 03 04 06 07 09 14 16 17 19 20 22 23 24
01 02 03 04 06 07 12 13 15 16 19 20 21 23 24
01 02 03 04 06 07 11 13 15 16 20 21 22 23 24
01 02 03 04 06 07 11 14 16 17 20 21 22 23 24
01 02 03 04 06 07 10 14 16 17 20 21 22 23 24
01 02 03 04 06 07 11 14 16 19 20 21 22 23 24
01 02 03 04 06 07 11 13 14 16 19 20 22 23 24
01 02 03 04 06 07 11 12 16 17 18 20 21 23 24
01 02 03 04 06 07 11 14 15 17 18 19 21 23 24
01 02 03 04 06 07 11 13 14 17 19 20 21 23 24
01 02 03 04 06 07 10 14 16 17 19 20 21 22 23
01 02 03 04 06 07 11 13 16 17 20 21 22 23 24
01 02 03 04 06 07 10 14 15 16 19 20 21 23 24
01 02 03 04 06 07 09 14 16 19 20 21 22 23 24
01 02 03 04 06 07 10 12 16 17 19 20 21 23 24
01 02 03 04 06 07 11 15 16 17 18 20 22 23 24
01 02 03 04 06 07 11 12 14 16 20 21 22 23 24
01 02 03 04 06 07 10 14 16 17 18 19 21 23 24
01 02 03 04 06 07 10 15 16 17 18 20 21 23 24
01 02 03 04 06 07 11 14 16 17 19 20 21 22 24
01 02 03 04 06 07 11 15 16 18 19 20 21 23 24
01 02 03 04 06 07 11 13 15 17 18 20 21 23 24
01 02 03 04 06 07 09 13 15 17 20 21 22 23 24
